"AGUA FRESCA",6.27, 6.27, 6.27, 6.27, 6.27, 6.27, 6.27, 6.27, 6.27, 6.27, 6.27, 6.27, 6.27, 6.27, 6.27, 6.27, 6.27, 6.27, 6.27, 6.27, 6.27, 6.27, 6.27, 6.27
"ALBAN",285.00, 285.00, 285.00, 285.00, 285.00, 285.00, 285.00, 285.00, 285.00, 285.00, 285.00, 285.00, 285.00, 285.00, 285.00, 285.00, 285.00, 285.00, 285.00, 285.00, 285.00, 285.00, 285.00, 285.00
"ALEJANDRIA",9.70, 9.70, 9.70, 9.70, 9.70, 9.70, 9.70, 9.70, 9.70, 9.70, 9.70, 9.70, 9.70, 9.70, 9.70, 9.70, 9.70, 9.70, 9.70, 9.70, 9.70, 9.70, 9.70, 9.70
"ALMA II",0.00, 0.00, 0.00, 0.00, 0.00, 0.00, 0.90, 3.90, 6.30, 8.10, 9.80, 8.40, 8.10, 8.00, 6.60, 4.50, 1.00, 0.10, 0.00, 0.00, 0.00, 0.00, 0.00, 0.00
"ALTO TULUA",8.00, 8.00, 8.00, 8.00, 8.00, 8.00, 8.00, 8.00, 8.00, 8.00, 8.00, 8.00, 8.00, 8.00, 8.00, 8.00, 6.00, 6.00, 6.00, 6.00, 6.00, 4.00, 4.00, 2.00
"AMAIME",0.00, 0.00, 0.00, 0.00, 0.00, 0.00, 0.00, 0.00, 0.00, 0.00, 0.00, 0.00, 0.00, 0.00, 0.00, 0.00, 0.00, 0.00, 0.00, 0.00, 0.00, 0.00, 0.00, 0.00
"AMALFI",0.45, 0.45, 0.45, 0.45, 0.45, 0.45, 0.45, 0.45, 0.45, 0.45, 0.45, 0.45, 0.45, 0.45, 0.45, 0.45, 0.45, 0.45, 0.45, 0.45, 0.45, 0.45, 0.45, 0.45
"AMERICA",0.00, 0.00, 0.00, 0.00, 0.00, 0.00, 0.00, 0.00, 0.00, 0.00, 0.00, 0.00, 0.00, 0.00, 0.00, 0.00, 0.00, 0.00, 0.00, 0.00, 0.00, 0.00, 0.00, 0.00
"AMOYA LA ESPERANZA",75.00, 75.00, 75.00, 75.00, 75.00, 75.00, 75.00, 75.00, 75.00, 75.00, 75.00, 75.00, 75.00, 75.00, 75.00, 75.00, 75.00, 75.00, 75.00, 75.00, 75.00, 75.00, 75.00, 75.00
"ASNAZU",0.45, 0.45, 0.45, 0.45, 0.45, 0.45, 0.44, 0.45, 0.44, 0.43, 0.43, 0.43, 0.43, 0.42, 0.42, 0.42, 0.42, 0.42, 0.43, 0.44, 0.45, 0.44, 0.45, 0.45
"ATLANTICO",0.00, 0.00, 0.00, 0.00, 0.00, 0.00, 169.00, 169.00, 169.00, 169.00, 169.00, 169.00, 169.00, 169.00, 169.00, 169.00, 169.00, 169.00, 0.00, 0.00, 0.00, 0.00, 0.00, 0.00
"AURES BAJO",7.50, 7.50, 7.50, 7.50, 7.50, 7.50, 7.50, 7.50, 8.00, 8.00, 8.00, 8.00, 8.00, 8.00, 8.00, 8.00, 7.50, 7.50, 7.50, 7.50, 7.50, 7.50, 7.50, 7.50
"AUTOG ARGOS EL CAIRO",6.50, 6.50, 6.50, 6.50, 6.50, 6.50, 6.50, 6.50, 6.50, 6.50, 6.50, 6.50, 6.50, 6.50, 6.50, 6.50, 6.50, 6.50, 6.50, 6.50, 6.50, 6.50, 6.50, 6.50
"AUTOG ARGOS SOGAMOSO",7.50, 7.50, 7.50, 7.50, 7.50, 7.50, 7.50, 7.50, 7.50, 7.50, 7.50, 7.50, 7.50, 7.50, 7.50, 7.50, 7.50, 7.50, 7.50, 7.50, 7.50, 7.50, 7.50, 7.50
"AUTOG ARGOS YUMBO",0.00, 0.00, 0.00, 0.00, 0.00, 0.00, 0.00, 0.00, 0.00, 0.00, 0.00, 0.00, 0.00, 0.00, 0.00, 0.00, 0.00, 0.00, 0.00, 0.00, 0.00, 0.00, 0.00, 0.00
"AUTOG AYURA",12.00, 12.00, 12.00, 12.00, 12.00, 12.00, 12.00, 12.00, 12.00, 12.00, 12.00, 12.00, 12.00, 12.00, 12.00, 12.00, 12.00, 12.00, 12.00, 12.00, 12.00, 12.00, 12.00, 12.00
"AUTOG BIODIANA",1.45, 1.45, 1.45, 1.45, 1.45, 1.45, 1.45, 1.45, 1.45, 1.45, 1.45, 1.45, 1.45, 1.45, 1.45, 1.45, 1.45, 1.45, 1.45, 1.45, 1.45, 1.45, 1.45, 1.52
"AUTOG BIOS CIENAGA ORO",0.00, 0.00, 0.00, 0.00, 0.00, 0.00, 0.00, 0.00, 0.00, 0.00, 0.00, 0.00, 0.00, 0.00, 0.00, 0.00, 0.00, 0.00, 0.00, 0.00, 0.00, 0.00, 0.00, 0.00
"AUTOG BIOS CONTEGRAL CARTAGO",0.00, 0.00, 0.00, 0.00, 0.00, 0.00, 0.00, 0.00, 0.00, 0.00, 0.00, 0.00, 0.00, 0.00, 0.00, 0.00, 0.00, 0.00, 0.00, 0.00, 0.00, 0.00, 0.00, 0.00
"AUTOG BIOS CONTEGRAL NEIVA",0.00, 0.00, 0.00, 0.00, 0.00, 0.00, 0.00, 0.00, 0.00, 0.00, 0.00, 0.00, 0.00, 0.00, 0.00, 0.00, 0.00, 0.00, 0.00, 0.00, 0.00, 0.00, 0.00, 0.00
"AUTOG BIOS FINCA BUGA",0.00, 0.00, 0.00, 0.00, 0.00, 0.00, 0.00, 0.00, 0.00, 0.00, 0.00, 0.00, 0.00, 0.00, 0.00, 0.00, 0.00, 0.00, 0.00, 0.00, 0.00, 0.00, 0.00, 0.00
"AUTOG BUGA I GRASAS",0.00, 0.00, 0.00, 0.00, 0.00, 0.00, 0.00, 0.00, 0.00, 0.00, 0.00, 0.00, 0.00, 1.00, 0.00, 0.00, 0.00, 0.00, 0.00, 0.00, 0.00, 0.00, 0.00, 0.00
"AUTOG BUGA I SOLLA",0.00, 0.00, 0.00, 0.00, 0.00, 0.00, 0.00, 0.00, 0.00, 0.00, 0.00, 0.00, 1.00, 1.00, 0.00, 0.00, 0.00, 0.00, 0.00, 0.00, 0.00, 0.00, 0.00, 0.00
"AUTOG CANTAYUS",3.78, 3.76, 3.62, 3.72, 3.70, 3.66, 3.72, 3.64, 3.74, 3.74, 3.48, 3.54, 3.58, 3.66, 3.62, 3.54, 3.26, 3.42, 3.38, 3.36, 3.26, 3.40, 3.02, 3.40
"AUTOG CARVAJAL GINEBRA",0.00, 0.00, 0.00, 0.00, 0.00, 0.00, 0.00, 0.00, 0.01, 0.09, 0.18, 0.19, 0.27, 0.20, 0.11, 0.02, 0.00, 0.00, 0.00, 0.00, 0.00, 0.00, 0.00, 0.00
"AUTOG CELSIA SOLAR ESCOBAL CEMEX",0.00, 0.00, 0.00, 0.00, 0.00, 0.00, 0.00, 0.00, 0.00, 0.00, 0.00, 0.00, 0.00, 0.00, 0.00, 0.00, 0.00, 0.00, 0.00, 0.00, 0.00, 0.00, 0.00, 0.00
"AUTOG CELSIA SOLAR ESPINAL",0.00, 0.00, 0.00, 0.00, 0.00, 0.00, 0.00, 1.00, 4.00, 4.00, 3.00, 3.00, 3.00, 0.00, 0.00, 0.00, 0.00, 0.00, 0.00, 0.00, 0.00, 0.00, 0.00, 0.00
"AUTOG CELSIA SOLAR HARINAS",0.00, 0.00, 0.00, 0.00, 0.00, 0.00, 0.00, 0.00, 0.00, 0.00, 0.00, 0.00, 0.00, 1.00, 0.00, 0.00, 0.00, 0.00, 0.00, 0.00, 0.00, 0.00, 0.00, 0.00
"AUTOG CELSIA SOLAR LEVAPAN",0.00, 0.00, 0.00, 0.00, 0.00, 0.00, 0.00, 0.00, 0.00, 0.00, 2.00, 1.00, 1.00, 0.00, 0.00, 0.00, 0.00, 0.00, 0.00, 0.00, 0.00, 0.00, 0.00, 0.00
"AUTOG CELSIA SOLAR PALMIRA 3",0.00, 0.00, 0.00, 0.00, 0.00, 0.00, 0.00, 0.00, 0.00, 0.00, 0.00, 0.00, 0.00, 0.00, 0.00, 0.00, 0.00, 0.00, 0.00, 0.00, 0.00, 0.00, 0.00, 0.00
"AUTOG CELSIA SOLAR PALMIRA 3 ZONA FRANCA",0.00, 0.00, 0.00, 0.00, 0.00, 0.00, 0.00, 0.00, 0.00, 0.00, 0.00, 0.00, 0.00, 0.00, 0.00, 0.00, 0.00, 0.00, 0.00, 0.00, 0.00, 0.00, 0.00, 0.00
"AUTOG CELSIA SOLAR TQ JAMUNDI",0.00, 0.00, 0.00, 0.00, 0.00, 0.00, 0.00, 0.00, 0.00, 0.00, 0.00, 0.00, 0.00, 0.00, 0.00, 0.00, 0.00, 0.00, 0.00, 0.00, 0.00, 0.00, 0.00, 0.00
"AUTOG CELSIA SOLAR TQ TECNOSUR",0.00, 0.00, 0.00, 0.00, 0.00, 0.00, 0.00, 1.00, 2.00, 3.00, 4.00, 4.00, 4.00, 4.00, 4.00, 3.00, 2.00, 1.00, 0.00, 0.00, 0.00, 0.00, 0.00, 0.00
"AUTOG CELSIA SOLAR YUMBO",0.00, 0.00, 0.00, 0.00, 0.00, 0.00, 0.00, 0.00, 0.00, 0.00, 0.00, 2.00, 0.00, 0.00, 0.00, 0.00, 0.00, 0.00, 0.00, 0.00, 0.00, 0.00, 0.00, 0.00
"AUTOG CEMENTOS DEL NARE",7.50, 7.50, 7.50, 7.50, 7.50, 3.80, 3.80, 3.80, 3.80, 3.80, 3.80, 3.80, 3.80, 3.80, 3.80, 3.80, 6.20, 6.20, 6.20, 6.20, 6.20, 6.20, 7.50, 7.50
"AUTOG CI JEANS",0.00, 0.00, 0.00, 0.00, 0.00, 0.00, 0.01, 0.03, 0.16, 0.35, 0.52, 0.51, 0.46, 0.42, 0.46, 0.35, 0.21, 0.07, 0.01, 0.00, 0.00, 0.00, 0.00, 0.00
"AUTOG COCA-COLA FEMSA",0.40, 0.40, 0.40, 0.40, 0.40, 0.40, 0.40, 0.40, 0.40, 0.40, 0.40, 0.40, 0.40, 0.40, 0.40, 0.40, 0.40, 0.40, 0.40, 0.40, 0.40, 0.40, 0.40, 0.40
"AUTOG COMOLSA",0.00, 0.00, 0.00, 0.00, 0.00, 0.00, 0.00, 0.00, 0.00, 0.00, 0.00, 0.00, 0.00, 1.00, 0.00, 0.00, 0.00, 0.00, 0.00, 0.00, 0.00, 0.00, 0.00, 0.00
"AUTOG CORONA SOPO",0.00, 0.00, 0.00, 0.00, 0.00, 0.00, 0.00, 0.00, 0.00, 0.00, 0.00, 0.00, 0.00, 0.00, 0.00, 0.00, 0.00, 0.00, 0.00, 0.00, 0.00, 0.00, 0.00, 0.00
"AUTOG CORPACERO",0.00, 0.00, 0.00, 0.00, 0.00, 0.00, 0.00, 0.00, 0.00, 0.00, 0.00, 0.00, 0.00, 0.00, 0.00, 0.00, 0.00, 0.00, 0.00, 0.00, 0.00, 0.00, 0.00, 0.00
"AUTOG ECOPETROL ORITO",1.00, 1.00, 1.00, 1.00, 1.00, 1.00, 1.00, 1.00, 1.00, 1.00, 1.00, 1.00, 1.00, 1.00, 1.00, 1.00, 1.00, 1.00, 1.00, 1.00, 1.00, 1.00, 1.00, 1.00
"AUTOG EL COPEY",0.00, 0.00, 0.00, 0.00, 0.00, 0.00, 0.80, 2.00, 3.70, 4.10, 4.70, 5.40, 5.70, 4.90, 3.60, 3.00, 1.50, 0.30, 0.00, 0.00, 0.00, 0.00, 0.00, 0.00
"AUTOG GOLOSINAS TRULULU",3.30, 3.30, 3.30, 3.30, 3.30, 3.30, 3.30, 3.30, 3.30, 3.30, 3.30, 3.30, 3.30, 3.30, 3.30, 3.30, 3.30, 3.30, 3.30, 3.30, 3.30, 3.30, 3.30, 3.30
"AUTOG GRAN COLOMBIA GOLD",0.00, 0.00, 0.00, 0.00, 0.00, 0.00, 0.00, 0.00, 0.00, 0.00, 0.00, 0.00, 0.00, 0.00, 0.00, 0.00, 0.00, 0.00, 0.00, 0.00, 0.00, 0.00, 0.00, 0.00
"AUTOG HIDROSOLAR I",0.00, 0.00, 0.00, 0.00, 0.00, 0.00, 0.00, 0.05, 1.76, 2.35, 3.53, 4.58, 4.63, 4.48, 4.46, 3.97, 2.23, 0.20, 0.00, 0.00, 0.00, 0.00, 0.00, 0.00
"AUTOG INGENIO CARMELITA",3.00, 3.00, 3.00, 3.00, 3.00, 3.00, 3.00, 3.00, 3.00, 3.00, 3.00, 3.00, 3.00, 3.00, 3.00, 3.00, 3.00, 3.00, 3.00, 3.00, 3.00, 3.00, 3.00, 3.00
"AUTOG INGENIO MARIA LUISA",0.20, 0.20, 0.20, 0.20, 0.20, 0.20, 0.20, 0.20, 0.20, 0.20, 0.20, 0.20, 0.20, 0.20, 0.20, 0.20, 0.20, 0.20, 0.20, 0.20, 0.20, 0.20, 0.20, 0.20
"AUTOG LOS POCITOS",1.80, 1.80, 1.80, 1.80, 1.80, 1.80, 1.80, 1.80, 1.80, 1.80, 1.80, 1.80, 1.80, 1.80, 1.80, 1.80, 1.80, 1.80, 1.80, 1.80, 1.80, 1.80, 1.80, 1.80
"AUTOG MILPA SAN CARLOS",0.00, 0.00, 0.00, 0.00, 0.00, 0.00, 0.01, 0.18, 0.30, 0.29, 0.28, 0.36, 0.42, 0.46, 0.37, 0.23, 0.10, 0.01, 0.00, 0.00, 0.00, 0.00, 0.00, 0.00
"AUTOG MOLINOS SANTA MARTA",0.00, 0.00, 0.00, 0.00, 0.00, 0.00, 0.00, 0.00, 0.00, 0.00, 0.00, 0.00, 1.00, 1.00, 0.00, 0.00, 0.00, 0.00, 0.00, 0.00, 0.00, 0.00, 0.00, 0.00
"AUTOG PALMERAS DE LA COSTA",0.00, 0.00, 0.00, 0.00, 0.00, 0.00, 0.00, 0.00, 0.00, 0.00, 0.00, 0.00, 0.00, 0.00, 0.00, 0.00, 0.00, 0.00, 0.00, 0.00, 0.00, 0.00, 0.00, 0.00
"AUTOG PINTUCO",0.00, 0.00, 0.00, 0.00, 0.00, 0.00, 0.00, 0.01, 0.03, 0.05, 0.09, 0.10, 0.15, 0.16, 0.15, 0.10, 0.03, 0.01, 0.00, 0.00, 0.00, 0.00, 0.00, 0.00
"AUTOG PTAR BELLO",0.00, 0.00, 0.00, 0.00, 0.00, 0.00, 0.00, 0.00, 0.00, 0.00, 0.00, 0.00, 0.00, 0.38, 0.00, 0.00, 0.00, 0.00, 0.00, 0.00, 0.00, 0.00, 0.00, 0.00
"AUTOG QBCO",0.00, 0.00, 0.00, 0.00, 0.00, 0.00, 0.00, 0.00, 0.00, 0.00, 0.00, 0.00, 1.00, 1.00, 0.00, 0.00, 0.00, 0.00, 0.00, 0.00, 0.00, 0.00, 0.00, 0.00
"AUTOG REFICAR",2.00, 2.00, 2.00, 2.00, 2.00, 2.00, 2.00, 2.00, 2.00, 2.00, 2.00, 2.00, 2.00, 2.00, 2.00, 2.00, 2.00, 2.00, 2.00, 2.00, 2.00, 2.00, 2.00, 2.00
"AUTOG SOLAR AYACUCHO",0.00, 0.00, 0.00, 0.00, 0.00, 0.00, 0.00, 0.00, 0.00, 0.00, 0.00, 0.00, 0.00, 0.00, 0.00, 0.00, 0.00, 0.00, 0.00, 0.00, 0.00, 0.00, 0.00, 0.00
"AUTOG SOLAR PALMIRA",0.00, 0.00, 0.00, 0.00, 0.00, 0.00, 0.00, 0.00, 0.00, 0.00, 0.00, 0.00, 0.00, 0.00, 0.00, 0.00, 0.00, 0.00, 0.00, 0.00, 0.00, 0.00, 0.00, 0.00
"AUTOG SOLAR PALMIRA II BERRY",0.00, 0.00, 0.00, 0.00, 0.00, 0.00, 0.00, 0.00, 0.00, 0.00, 1.00, 1.00, 0.00, 1.00, 1.00, 0.00, 0.00, 0.00, 0.00, 0.00, 0.00, 0.00, 0.00, 0.00
"AUTOG SOLAR VASCONIA",0.00, 0.00, 0.00, 0.00, 0.00, 0.00, 0.00, 0.00, 0.00, 0.00, 0.00, 0.00, 0.00, 0.00, 0.00, 0.00, 0.00, 0.00, 0.00, 0.00, 0.00, 0.00, 0.00, 0.00
"AUTOG TERMOARAUCA",0.00, 0.00, 0.00, 0.00, 0.00, 0.00, 0.00, 0.00, 0.00, 0.00, 0.00, 0.00, 0.00, 0.00, 0.00, 0.00, 0.00, 0.00, 0.00, 0.00, 0.00, 0.00, 0.00, 0.00
"AUTOG TERMOCOROCITO",2.00, 2.00, 2.00, 2.00, 2.00, 2.00, 2.00, 2.00, 2.00, 2.00, 2.00, 2.00, 2.00, 2.00, 2.00, 2.00, 2.00, 2.00, 2.00, 2.00, 2.00, 2.00, 2.00, 2.00
"AUTOG TERMOMACAGUA",4.00, 4.00, 4.00, 4.00, 4.00, 4.00, 4.00, 4.00, 4.00, 4.00, 4.00, 4.00, 4.00, 4.00, 4.00, 4.00, 4.00, 4.00, 4.00, 4.00, 4.00, 4.00, 4.00, 4.00
"AUTOG TERMOTAME",2.00, 2.00, 2.00, 2.00, 2.00, 2.50, 2.50, 2.50, 2.50, 2.50, 2.50, 2.50, 2.50, 2.50, 2.50, 2.50, 2.50, 2.50, 2.50, 2.50, 2.50, 2.50, 2.50, 2.50
"AUTOG TURGAS",3.50, 3.50, 3.50, 3.50, 3.50, 3.50, 3.50, 3.50, 3.50, 3.50, 3.50, 3.50, 3.50, 3.50, 3.50, 3.50, 3.50, 3.50, 3.50, 3.50, 3.50, 3.50, 3.50, 3.50
"AUTOG UNIBOL",0.00, 0.00, 0.00, 0.00, 0.00, 0.00, 0.00, 0.00, 0.00, 0.00, 0.00, 0.00, 0.00, 0.00, 0.00, 0.00, 0.00, 0.00, 0.00, 0.00, 0.00, 0.00, 0.00, 0.00
"AUTOG UNIMINAS",0.00, 0.00, 0.00, 0.00, 0.00, 0.00, 0.00, 0.00, 0.01, 0.06, 0.09, 0.11, 0.10, 0.07, 0.03, 0.00, 0.03, 0.00, 0.00, 0.00, 0.00, 0.00, 0.00, 0.00
"AUTOG YAGUARITO",0.00, 0.00, 0.00, 0.00, 0.00, 0.00, 0.00, 0.00, 0.00, 0.00, 0.00, 0.00, 0.00, 0.00, 0.00, 0.00, 0.00, 0.00, 0.00, 0.00, 0.00, 0.00, 0.00, 0.00
"BAJO TULUA",10.00, 10.00, 10.00, 10.00, 10.00, 10.00, 10.00, 10.00, 10.00, 10.00, 10.00, 10.00, 10.00, 10.00, 10.00, 10.00, 10.00, 10.00, 10.00, 10.00, 10.00, 10.00, 10.00, 10.00
"BARAYA",0.00, 0.00, 0.00, 0.00, 0.00, 0.01, 0.30, 0.60, 0.60, 0.70, 0.70, 0.80, 0.70, 0.70, 0.70, 0.30, 0.01, 0.05, 0.00, 0.00, 0.00, 0.00, 0.00, 0.00
"BARRANQUILLA 3",0.00, 0.00, 0.00, 0.00, 0.00, 0.00, 0.00, 0.00, 0.00, 0.00, 0.00, 0.00, 0.00, 0.00, 0.00, 0.00, 0.00, 0.00, 0.00, 0.00, 0.00, 0.00, 0.00, 0.00
"BARRANQUILLA 4",0.00, 0.00, 0.00, 0.00, 0.00, 0.00, 0.00, 0.00, 0.00, 0.00, 0.00, 0.00, 0.00, 0.00, 0.00, 0.00, 0.00, 0.00, 0.00, 0.00, 0.00, 0.00, 0.00, 0.00
"BARROSO",15.26, 15.26, 15.26, 15.26, 15.26, 15.26, 15.26, 15.26, 15.26, 15.26, 15.26, 15.26, 15.26, 15.26, 15.26, 15.26, 15.26, 15.26, 15.26, 15.26, 15.26, 15.26, 15.26, 15.26
"BAYONA",0.00, 0.00, 0.00, 0.00, 0.00, 0.00, 0.00, 0.00, 0.00, 0.00, 0.00, 0.00, 0.00, 0.00, 0.00, 0.00, 0.00, 0.00, 0.00, 0.00, 0.00, 0.00, 0.00, 0.00
"BELLO",0.00, 0.00, 0.00, 0.00, 0.00, 0.00, 0.00, 0.00, 0.00, 0.00, 0.00, 0.00, 0.00, 0.00, 0.00, 0.00, 0.00, 0.00, 0.00, 0.00, 0.00, 0.00, 0.00, 0.00
"BELMONTE",2.60, 2.60, 2.60, 2.60, 2.60, 2.60, 2.60, 2.60, 2.60, 2.60, 2.60, 2.60, 2.60, 2.60, 2.60, 2.60, 2.60, 2.60, 2.60, 2.60, 2.60, 2.60, 2.60, 2.60
"BETANIA",326.00, 326.00, 326.00, 326.00, 326.00, 326.00, 326.00, 326.00, 326.00, 326.00, 326.00, 326.00, 326.00, 326.00, 326.00, 326.00, 326.00, 326.00, 326.00, 326.00, 326.00, 326.00, 326.00, 326.00
"BIOENERGY",0.00, 0.00, 0.00, 0.00, 0.00, 0.00, 0.00, 0.00, 0.00, 0.00, 0.00, 0.00, 0.00, 0.00, 0.00, 0.00, 0.00, 0.00, 0.00, 0.00, 0.00, 0.00, 0.00, 0.00
"BOSQUES SOLARES DE LOS LLANOS 4",0.00, 0.00, 0.00, 0.00, 0.00, 0.00, 0.00, 2.95, 4.69, 9.51, 8.96, 12.10, 13.12, 10.22, 9.79, 8.04, 2.55, 0.00, 0.00, 0.00, 0.00, 0.00, 0.00, 0.00
"BOSQUES SOLARES DE LOS LLANOS 5",0.00, 0.00, 0.00, 0.00, 0.00, 0.00, 0.00, 2.47, 5.00, 8.05, 8.10, 9.95, 11.14, 9.58, 7.87, 6.74, 2.96, 0.00, 0.00, 0.00, 0.00, 0.00, 0.00, 0.00
"BSB 500",0.00, 0.00, 0.00, 0.00, 0.00, 0.00, 1.37, 4.62, 5.39, 8.00, 10.63, 12.75, 12.67, 8.32, 7.36, 9.41, 3.48, 1.40, 0.00, 0.00, 0.00, 0.00, 0.00, 0.00
"BSB 501",0.00, 0.00, 0.00, 0.00, 0.00, 0.00, 1.37, 4.62, 5.39, 8.00, 10.63, 12.75, 12.67, 8.32, 7.36, 9.41, 3.48, 1.40, 0.00, 0.00, 0.00, 0.00, 0.00, 0.00
"BSB 502",0.00, 0.00, 0.00, 0.00, 0.00, 0.00, 1.37, 4.62, 5.39, 8.00, 10.63, 12.75, 12.67, 8.32, 7.36, 9.41, 3.48, 1.40, 0.00, 0.00, 0.00, 0.00, 0.00, 0.00
"BSB 503",0.00, 0.00, 0.00, 0.00, 0.00, 0.00, 1.37, 4.62, 5.39, 8.00, 10.63, 12.75, 12.67, 8.32, 7.36, 9.41, 3.48, 1.40, 0.00, 0.00, 0.00, 0.00, 0.00, 0.00
"BSB 504",0.00, 0.00, 0.00, 0.00, 0.00, 0.00, 1.37, 4.62, 5.39, 8.00, 10.63, 12.75, 12.67, 8.32, 7.36, 9.41, 3.48, 1.40, 0.00, 0.00, 0.00, 0.00, 0.00, 0.00
"CAIMAN CIENAGUERO",0.00, 0.00, 0.00, 0.00, 0.00, 0.01, 0.03, 0.24, 0.36, 0.51, 0.63, 0.54, 0.61, 0.20, 0.10, 0.00, 0.00, 0.00, 0.00, 0.00, 0.00, 0.00, 0.00, 0.00
"CALDERAS",4.18, 4.18, 4.18, 4.18, 4.18, 4.18, 6.40, 6.40, 4.18, 4.18, 4.18, 9.24, 9.24, 4.18, 4.18, 4.18, 4.18, 13.26, 13.26, 13.26, 4.18, 4.18, 4.18, 4.18
"CALIMA",0.00, 0.00, 0.00, 0.00, 0.00, 0.00, 0.00, 0.00, 0.00, 0.00, 0.00, 0.00, 0.00, 0.00, 0.00, 0.00, 0.00, 0.00, 0.00, 0.00, 0.00, 0.00, 0.00, 0.00
"CAMPESTRE (CALARCA)",0.00, 0.00, 0.00, 0.00, 0.00, 0.00, 0.00, 0.00, 0.00, 0.00, 0.00, 0.00, 0.00, 0.00, 0.00, 0.00, 0.00, 0.00, 0.00, 0.00, 0.00, 0.00, 0.00, 0.00
"CAMPESTRE (EPM)",0.00, 0.00, 0.00, 0.00, 0.00, 0.00, 0.00, 0.00, 0.00, 0.00, 0.00, 0.00, 0.00, 0.00, 0.00, 0.00, 0.00, 0.00, 0.00, 0.00, 0.00, 0.00, 0.00, 0.00
"CANAHUATE",0.00, 0.00, 0.00, 0.00, 0.00, 0.01, 0.30, 0.60, 0.60, 0.70, 0.70, 0.80, 0.70, 0.70, 0.70, 0.30, 0.01, 0.05, 0.00, 0.00, 0.00, 0.00, 0.00, 0.00
"CARACOLI",3.75, 3.75, 3.75, 3.75, 3.75, 3.75, 3.75, 3.75, 3.75, 3.75, 3.75, 3.75, 3.75, 3.75, 3.75, 3.75, 3.75, 3.75, 3.75, 3.75, 3.75, 3.75, 3.75, 3.75
"CARACOLI I",0.00, 0.00, 0.00, 0.00, 0.00, 0.00, 6.00, 15.00, 23.00, 28.00, 32.00, 32.00, 29.00, 26.00, 23.00, 19.00, 11.00, 4.00, 0.00, 0.00, 0.00, 0.00, 0.00, 0.00
"CARLOS LLERAS",78.00, 78.00, 78.00, 78.00, 78.00, 78.00, 78.00, 78.00, 78.00, 78.00, 78.00, 78.00, 78.00, 78.00, 78.00, 78.00, 78.00, 78.00, 78.00, 78.00, 78.00, 78.00, 78.00, 78.00
"CARTAGENA 1",0.00, 0.00, 0.00, 0.00, 0.00, 0.00, 0.00, 0.00, 0.00, 0.00, 0.00, 0.00, 0.00, 0.00, 0.00, 0.00, 0.00, 0.00, 0.00, 0.00, 0.00, 0.00, 0.00, 0.00
"CARTAGENA 2",0.00, 0.00, 0.00, 0.00, 0.00, 0.00, 0.00, 0.00, 0.00, 0.00, 0.00, 0.00, 0.00, 0.00, 0.00, 0.00, 0.00, 0.00, 0.00, 0.00, 0.00, 0.00, 0.00, 0.00
"CARTAGENA 3",0.00, 0.00, 0.00, 0.00, 0.00, 0.00, 0.00, 0.00, 0.00, 0.00, 0.00, 0.00, 0.00, 0.00, 0.00, 0.00, 0.00, 0.00, 0.00, 0.00, 0.00, 0.00, 0.00, 0.00
"CARUQUIA",4.27, 4.27, 4.27, 4.27, 4.27, 4.27, 4.27, 4.27, 4.27, 4.27, 4.27, 4.27, 4.27, 4.27, 4.27, 4.27, 4.27, 4.27, 4.27, 4.27, 4.27, 4.27, 4.27, 4.27
"CASCADA",1.50, 1.50, 1.50, 1.50, 1.50, 1.50, 1.50, 1.50, 1.50, 1.50, 1.50, 1.50, 1.50, 1.50, 1.50, 1.50, 1.50, 1.50, 1.50, 1.50, 1.50, 1.50, 1.50, 1.50
"CAUYA",0.20, 0.20, 0.20, 0.20, 0.20, 0.20, 0.20, 0.20, 0.20, 0.20, 0.20, 0.20, 0.20, 0.20, 0.20, 0.20, 0.20, 0.20, 0.20, 0.20, 0.20, 0.20, 0.20, 0.20
"CELSIA SOLAR ALUMINA",0.00, 0.00, 0.00, 0.00, 0.00, 0.00, 0.00, 0.00, 0.00, 0.01, 0.02, 0.21, 0.10, 0.00, 0.16, 0.00, 0.00, 0.00, 0.00, 0.00, 0.00, 0.00, 0.00, 0.00
"CELSIA SOLAR BOLIVAR",0.00, 0.00, 0.00, 0.00, 0.00, 0.00, 0.00, 0.00, 1.00, 2.00, 1.00, 1.00, 1.00, 0.00, 0.00, 0.00, 0.00, 0.00, 0.00, 0.00, 0.00, 0.00, 0.00, 0.00
"CELSIA SOLAR BUGALAGRANDE",0.00, 0.00, 0.00, 0.00, 0.00, 0.00, 0.00, 2.00, 2.00, 3.00, 5.00, 5.00, 5.00, 4.00, 3.00, 2.00, 2.00, 0.00, 0.00, 0.00, 0.00, 0.00, 0.00, 0.00
"CELSIA SOLAR CARMELO",0.00, 0.00, 0.00, 0.00, 0.00, 0.00, 0.00, 0.00, 0.00, 0.00, 1.00, 1.00, 0.00, 0.00, 0.00, 0.00, 0.00, 0.00, 0.00, 0.00, 0.00, 0.00, 0.00, 0.00
"CELSIA SOLAR DULIMA",0.00, 0.00, 0.00, 0.00, 0.00, 0.00, 2.00, 7.00, 9.00, 14.00, 13.00, 18.00, 13.00, 7.00, 6.00, 5.00, 2.00, 1.00, 0.00, 0.00, 0.00, 0.00, 0.00, 0.00
"CELSIA SOLAR ESCOBAL I",0.00, 0.00, 0.00, 0.00, 0.00, 0.00, 2.00, 6.00, 9.00, 9.00, 12.00, 14.00, 12.00, 8.00, 5.00, 5.00, 2.00, 0.00, 0.00, 0.00, 0.00, 0.00, 0.00, 0.00
"CELSIA SOLAR ESCOBAL II",0.00, 0.00, 0.00, 0.00, 0.00, 0.00, 2.00, 6.00, 10.00, 11.00, 13.00, 13.00, 12.00, 9.00, 5.00, 4.00, 2.00, 0.00, 0.00, 0.00, 0.00, 0.00, 0.00, 0.00
"CELSIA SOLAR ESCOBAL III",0.00, 0.00, 0.00, 0.00, 0.00, 0.00, 0.00, 11.00, 13.00, 14.00, 19.90, 19.90, 19.90, 19.90, 19.90, 14.00, 13.00, 11.00, 0.00, 0.00, 0.00, 0.00, 0.00, 0.00
"CELSIA SOLAR ESCOBAL IV",0.00, 0.00, 0.00, 0.00, 0.00, 0.00, 0.00, 0.00, 1.00, 12.00, 10.00, 10.00, 10.00, 9.00, 5.00, 6.00, 2.00, 0.00, 0.00, 0.00, 0.00, 0.00, 0.00, 0.00
"CELSIA SOLAR ESCOBAL V",0.00, 0.00, 0.00, 0.00, 0.00, 0.00, 2.00, 11.00, 13.00, 12.00, 14.00, 17.00, 14.00, 9.00, 6.00, 7.00, 2.00, 1.00, 0.00, 0.00, 0.00, 0.00, 0.00, 0.00
"CELSIA SOLAR LA PAILA",0.00, 0.00, 0.00, 0.00, 0.00, 0.00, 0.00, 0.00, 0.00, 0.00, 0.00, 1.00, 1.00, 0.00, 0.00, 0.00, 0.00, 0.00, 0.00, 0.00, 0.00, 0.00, 0.00, 0.00
"CELSIA SOLAR LA VICTORIA I",0.00, 0.00, 0.00, 0.00, 0.00, 0.00, 1.00, 10.00, 6.00, 6.00, 10.00, 16.00, 17.00, 12.00, 8.00, 4.00, 2.00, 0.00, 0.00, 0.00, 0.00, 0.00, 0.00, 0.00
"CELSIA SOLAR LA VICTORIA II",0.00, 0.00, 0.00, 0.00, 0.00, 0.00, 1.00, 10.00, 6.00, 6.00, 11.00, 16.00, 17.00, 12.00, 8.00, 4.00, 2.00, 0.00, 0.00, 0.00, 0.00, 0.00, 0.00, 0.00
"CELSIA SOLAR PUERTO TEJADA",0.00, 0.00, 0.00, 0.00, 0.00, 0.00, 0.00, 4.00, 7.00, 7.00, 9.00, 12.00, 12.00, 12.00, 13.00, 3.00, 3.00, 0.00, 0.00, 0.00, 0.00, 0.00, 0.00, 0.00
"CELSIA SOLAR YUMA",0.00, 0.00, 0.00, 0.00, 0.00, 0.00, 1.00, 2.00, 4.00, 6.00, 6.00, 8.00, 5.00, 3.00, 2.00, 2.00, 0.00, 0.00, 0.00, 0.00, 0.00, 0.00, 0.00, 0.00
"CENTRAL CASTILLA 1",2.00, 2.00, 2.00, 2.00, 2.00, 2.00, 2.00, 2.00, 2.00, 2.00, 2.00, 2.00, 2.00, 2.00, 2.00, 2.00, 2.00, 2.00, 2.00, 2.00, 2.00, 2.00, 2.00, 2.00
"CENTRO SOLAR",0.00, 0.00, 0.00, 0.00, 0.00, 0.00, 2.60, 7.97, 9.28, 9.88, 9.90, 9.90, 9.90, 9.90, 9.90, 9.33, 8.29, 2.86, 0.00, 0.00, 0.00, 0.00, 0.00, 0.00
"CERRITOS",0.00, 0.00, 0.00, 0.00, 0.00, 0.00, 1.00, 6.00, 5.00, 8.00, 6.00, 3.00, 4.00, 8.00, 7.00, 8.00, 6.00, 0.00, 0.00, 0.00, 0.00, 0.00, 0.00, 0.00
"CHARQUITO",19.00, 19.00, 19.00, 19.00, 19.00, 19.00, 19.00, 19.00, 19.00, 19.00, 19.00, 19.00, 19.00, 19.00, 19.00, 19.00, 19.00, 19.00, 19.00, 19.00, 19.00, 19.00, 19.00, 19.00
"CHIVOR",875.00, 875.00, 875.00, 875.00, 875.00, 875.00, 875.00, 875.00, 875.00, 875.00, 875.00, 875.00, 875.00, 875.00, 875.00, 875.00, 875.00, 875.00, 875.00, 875.00, 875.00, 875.00, 875.00, 875.00
"COCONUCO",2.80, 2.80, 2.80, 2.80, 2.80, 2.80, 2.60, 2.60, 2.60, 2.60, 2.70, 2.70, 2.70, 2.70, 2.40, 2.40, 2.40, 2.40, 2.70, 2.80, 2.70, 2.70, 2.70, 2.70
"COELLO",1.10, 1.10, 1.10, 1.10, 1.10, 1.10, 1.10, 1.10, 1.10, 1.10, 1.10, 1.10, 1.10, 1.10, 1.10, 1.10, 1.10, 1.10, 1.10, 1.10, 1.10, 1.10, 1.10, 1.10
"COGENERADOR MANUELITA 2",6.70, 6.70, 6.70, 6.70, 6.70, 6.70, 6.70, 6.70, 6.70, 6.70, 6.70, 6.70, 6.70, 6.70, 6.70, 6.70, 6.70, 6.70, 6.70, 6.70, 6.70, 6.70, 6.70, 6.70
"COGENERADOR PROENCA",13.00, 13.00, 13.00, 13.00, 13.00, 13.00, 13.00, 13.00, 13.00, 13.00, 13.00, 13.00, 13.00, 13.00, 13.00, 13.00, 13.00, 13.00, 13.00, 13.00, 13.00, 13.00, 13.00, 13.00
"COMUNIDAD EL SALVADOR I",0.00, 0.00, 0.00, 0.00, 0.00, 0.00, 0.00, 0.00, 0.00, 0.01, 0.01, 0.01, 0.01, 0.01, 0.00, 0.00, 0.00, 0.00, 0.00, 0.00, 0.00, 0.00, 0.00, 0.01
"COMUNIDAD EL SALVADOR II",0.00, 0.00, 0.00, 0.00, 0.00, 0.00, 0.00, 0.00, 0.00, 0.00, 0.00, 0.00, 0.00, 0.00, 0.00, 0.00, 0.00, 0.00, 0.00, 0.00, 0.00, 0.00, 0.00, 0.00
"CONDOR",0.00, 0.00, 0.00, 0.00, 0.00, 0.00, 2.85, 8.04, 9.08, 8.30, 9.31, 9.11, 9.31, 9.50, 8.37, 8.18, 5.70, 0.88, 0.00, 0.00, 0.00, 0.00, 0.00, 0.00
"CUCUANA",50.00, 50.00, 48.00, 48.00, 48.00, 46.00, 46.00, 46.00, 46.00, 44.00, 54.00, 54.00, 54.00, 54.00, 54.00, 54.00, 46.00, 54.00, 54.00, 54.00, 54.00, 54.00, 54.00, 54.00
"CURRUCUCUES",0.80, 0.80, 0.80, 0.80, 0.80, 0.80, 0.80, 0.80, 0.80, 0.80, 0.80, 0.80, 0.80, 0.80, 0.80, 0.80, 0.80, 0.80, 0.80, 0.80, 0.80, 0.80, 0.80, 0.80
"DARIO VALENCIA SAMPER",150.00, 150.00, 150.00, 150.00, 150.00, 150.00, 150.00, 150.00, 150.00, 150.00, 150.00, 150.00, 150.00, 150.00, 150.00, 150.00, 150.00, 150.00, 150.00, 150.00, 150.00, 150.00, 150.00, 150.00
"DELTA I",0.00, 0.00, 0.00, 0.00, 0.00, 0.01, 0.30, 0.60, 0.60, 0.70, 0.70, 0.80, 0.70, 0.70, 0.70, 0.30, 0.10, 0.05, 0.00, 0.00, 0.00, 0.00, 0.00, 0.00
"DOÑA JUANA",0.25, 0.25, 0.25, 0.25, 0.25, 0.25, 0.25, 0.25, 0.25, 0.25, 0.25, 0.25, 0.25, 0.25, 0.25, 0.25, 0.25, 0.25, 0.25, 0.25, 0.25, 0.25, 0.25, 0.25
"ECOPARQUE SOLAR LA CIRA",0.00, 0.00, 0.00, 0.00, 0.00, 0.00, 0.00, 0.00, 0.00, 0.00, 0.00, 0.00, 0.00, 0.00, 0.00, 0.00, 0.00, 0.00, 0.00, 0.00, 0.00, 0.00, 0.00, 0.00
"EL BOSQUE",1.70, 1.70, 1.70, 1.70, 1.70, 1.70, 1.70, 1.70, 1.70, 1.70, 1.70, 1.70, 1.70, 1.70, 1.70, 1.70, 1.70, 1.70, 1.70, 1.70, 1.70, 1.70, 1.70, 1.70
"EL COCUYO",0.45, 0.45, 0.45, 0.45, 0.45, 0.45, 0.45, 0.45, 0.45, 0.45, 0.45, 0.45, 0.45, 0.45, 0.45, 0.45, 0.45, 0.45, 0.45, 0.45, 0.45, 0.45, 0.45, 0.45
"EL EDEN",2.50, 2.50, 2.50, 2.50, 2.50, 2.50, 2.50, 2.50, 2.50, 2.50, 2.50, 2.50, 2.50, 2.50, 2.50, 2.50, 2.50, 2.50, 5.00, 5.00, 5.00, 5.00, 2.50, 2.50
"EL LIMONAR",18.00, 18.00, 18.00, 18.00, 18.00, 18.00, 18.00, 18.00, 18.00, 18.00, 18.00, 18.00, 18.00, 18.00, 18.00, 18.00, 18.00, 18.00, 18.00, 18.00, 18.00, 18.00, 18.00, 18.00
"EL MOLINO",11.52, 11.52, 11.52, 11.52, 11.52, 11.52, 11.52, 11.52, 11.52, 11.52, 11.52, 11.52, 11.52, 11.52, 11.52, 11.52, 11.52, 11.52, 11.52, 11.52, 11.52, 11.52, 11.52, 11.52
"EL PASO",0.00, 0.00, 0.00, 0.00, 0.00, 0.00, 7.00, 16.00, 38.00, 51.00, 54.00, 50.00, 58.00, 46.00, 42.00, 47.00, 19.00, 7.00, 0.00, 0.00, 0.00, 0.00, 0.00, 0.00
"EL POPAL",13.64, 13.64, 13.64, 13.64, 13.64, 13.64, 13.64, 13.64, 13.64, 13.64, 13.64, 13.64, 13.64, 13.64, 13.64, 13.64, 13.64, 13.64, 13.64, 13.64, 13.64, 13.64, 13.64, 13.64
"EL QUIMBO",326.00, 326.00, 326.00, 326.00, 326.00, 326.00, 326.00, 326.00, 326.00, 326.00, 326.00, 326.00, 326.00, 326.00, 326.00, 326.00, 326.00, 326.00, 326.00, 326.00, 326.00, 326.00, 326.00, 326.00
"EL TAMARINDO I",0.00, 0.00, 0.00, 0.00, 0.00, 0.00, 0.00, 1.00, 3.00, 5.00, 7.00, 7.00, 7.00, 6.00, 5.00, 3.00, 2.00, 1.00, 0.00, 0.00, 0.00, 0.00, 0.00, 0.00
"EL TAMARINDO II",0.00, 0.00, 0.00, 0.00, 0.00, 0.00, 0.00, 1.00, 3.00, 5.00, 7.00, 7.00, 7.00, 6.00, 5.00, 3.00, 2.00, 1.00, 0.00, 0.00, 0.00, 0.00, 0.00, 0.00
"ESCUELA DE MINAS",55.00, 55.00, 55.00, 55.00, 55.00, 55.00, 55.00, 55.00, 55.00, 55.00, 55.00, 55.00, 55.00, 55.00, 55.00, 55.00, 55.00, 55.00, 55.00, 55.00, 55.00, 55.00, 55.00, 55.00
"ESMERALDA",21.00, 21.00, 21.00, 21.00, 21.00, 21.00, 21.00, 21.00, 21.00, 21.00, 21.00, 21.00, 21.00, 21.00, 21.00, 21.00, 21.00, 21.00, 21.00, 21.00, 21.00, 21.00, 21.00, 21.00
"FLORES 4 CC",0.00, 0.00, 0.00, 0.00, 0.00, 0.00, 0.00, 0.00, 0.00, 0.00, 0.00, 0.00, 0.00, 0.00, 0.00, 0.00, 0.00, 0.00, 0.00, 0.00, 0.00, 0.00, 0.00, 0.00
"FLORES I CC",0.00, 0.00, 0.00, 0.00, 0.00, 0.00, 0.00, 0.00, 0.00, 0.00, 0.00, 0.00, 0.00, 0.00, 0.00, 0.00, 0.00, 0.00, 0.00, 0.00, 0.00, 0.00, 0.00, 0.00
"FLORIDA",10.92, 10.70, 10.52, 10.12, 10.18, 9.96, 9.82, 9.64, 9.88, 10.04, 10.18, 10.10, 9.36, 9.32, 9.44, 11.48, 13.90, 12.46, 13.08, 15.52, 15.28, 11.00, 11.14, 9.12
"FUNDACION",0.00, 0.00, 0.00, 0.00, 0.00, 0.00, 16.00, 44.00, 72.00, 74.00, 79.00, 75.00, 80.00, 77.00, 63.00, 43.00, 28.00, 7.00, 0.00, 0.00, 0.00, 0.00, 0.00, 0.00
"GANDALF",0.00, 0.00, 0.00, 0.00, 0.00, 0.01, 0.30, 0.60, 0.60, 0.70, 0.70, 0.80, 0.70, 0.70, 0.70, 0.30, 0.01, 0.05, 0.00, 0.00, 0.00, 0.00, 0.00, 0.00
"GD AGUSTIN I",0.00, 0.00, 0.00, 0.00, 0.00, 0.01, 0.30, 0.60, 0.60, 0.70, 0.70, 0.80, 0.70, 0.70, 0.70, 0.30, 0.10, 0.05, 0.00, 0.00, 0.00, 0.00, 0.00, 0.00
"GD ALAMO SOLAR",0.00, 0.00, 0.00, 0.00, 0.00, 0.00, 0.04, 0.20, 0.40, 0.58, 0.65, 0.67, 0.67, 0.67, 0.60, 0.46, 0.25, 0.04, 0.00, 0.00, 0.00, 0.00, 0.00, 0.00
"GD ALEJANDRIA I",0.00, 0.00, 0.00, 0.00, 0.00, 0.00, 0.01, 0.08, 0.23, 0.60, 0.88, 0.63, 0.85, 0.93, 0.77, 0.58, 0.36, 0.10, 0.00, 0.00, 0.00, 0.00, 0.00, 0.00
"GD ALEJANDRIA II",0.00, 0.00, 0.00, 0.00, 0.00, 0.00, 0.01, 0.08, 0.23, 0.60, 0.88, 0.63, 0.85, 0.93, 0.77, 0.58, 0.36, 0.10, 0.00, 0.00, 0.00, 0.00, 0.00, 0.00
"GD ALEJANDRIA III",0.00, 0.00, 0.00, 0.00, 0.00, 0.00, 0.01, 0.08, 0.23, 0.60, 0.88, 0.63, 0.85, 0.93, 0.77, 0.58, 0.36, 0.10, 0.00, 0.00, 0.00, 0.00, 0.00, 0.00
"GD ALFEREZ",0.00, 0.00, 0.00, 0.00, 0.00, 0.00, 0.04, 0.13, 0.21, 0.20, 0.27, 0.45, 0.60, 0.60, 0.22, 0.17, 0.07, 0.05, 0.00, 0.00, 0.00, 0.00, 0.00, 0.00
"GD ASTROLUMEN LA GARITA",0.00, 0.00, 0.00, 0.00, 0.00, 0.01, 0.30, 0.60, 0.60, 0.70, 0.70, 0.80, 0.70, 0.70, 0.70, 0.30, 0.10, 0.05, 0.00, 0.00, 0.00, 0.00, 0.00, 0.00
"GD BASILICA",0.00, 0.00, 0.00, 0.00, 0.00, 0.00, 0.02, 0.13, 0.20, 0.24, 0.34, 0.52, 0.44, 0.37, 0.27, 0.15, 0.10, 0.03, 0.00, 0.00, 0.00, 0.00, 0.00, 0.00
"GD BIOSOLAR",0.00, 0.00, 0.00, 0.00, 0.00, 0.05, 0.09, 0.10, 0.15, 0.20, 0.30, 0.40, 0.30, 0.20, 0.15, 0.10, 0.09, 0.05, 0.00, 0.00, 0.00, 0.00, 0.00, 0.00
"GD BLANCA ENERGY I",0.00, 0.00, 0.00, 0.00, 0.00, 0.00, 0.00, 0.00, 0.00, 0.00, 0.00, 0.00, 0.00, 0.00, 0.00, 0.00, 0.00, 0.00, 0.00, 0.00, 0.00, 0.00, 0.00, 0.00
"GD BLANCA ENERGY II",0.00, 0.00, 0.00, 0.00, 0.00, 0.00, 0.00, 0.00, 0.00, 0.00, 0.00, 0.00, 0.00, 0.00, 0.00, 0.00, 0.00, 0.00, 0.00, 0.00, 0.00, 0.00, 0.00, 0.00
"GD BLANCA ENERGY III",0.00, 0.00, 0.00, 0.00, 0.00, 0.00, 0.00, 0.26, 0.53, 0.75, 0.87, 0.90, 0.90, 0.89, 0.83, 0.64, 0.35, 0.03, 0.00, 0.00, 0.00, 0.00, 0.00, 0.00
"GD BLANCA ENERGY SOLAR 23",0.00, 0.00, 0.00, 0.00, 0.00, 0.00, 0.02, 0.01, 0.02, 0.05, 0.09, 0.10, 0.10, 0.09, 0.08, 0.05, 0.02, 0.01, 0.00, 0.00, 0.00, 0.00, 0.00, 0.00
"GD BLANCA ENERGY SOLAR 24",0.00, 0.00, 0.00, 0.00, 0.00, 0.00, 0.00, 0.00, 0.00, 0.00, 0.00, 0.00, 0.00, 0.00, 0.00, 0.00, 0.00, 0.00, 0.00, 0.00, 0.00, 0.00, 0.00, 0.00
"GD BOCAS DEL PALO",0.00, 0.00, 0.00, 0.00, 0.00, 0.00, 0.00, 0.10, 0.10, 0.10, 0.10, 0.10, 0.10, 0.10, 0.10, 0.10, 0.00, 0.00, 0.00, 0.00, 0.00, 0.00, 0.00, 0.00
"GD BONILLA A I",0.00, 0.00, 0.00, 0.00, 0.00, 0.00, 0.05, 0.26, 0.45, 0.59, 0.67, 0.72, 0.73, 0.72, 0.69, 0.62, 0.41, 0.11, 0.00, 0.00, 0.00, 0.00, 0.00, 0.00
"GD BONILLA A II",0.00, 0.00, 0.00, 0.00, 0.00, 0.00, 0.05, 0.26, 0.45, 0.59, 0.67, 0.72, 0.73, 0.72, 0.69, 0.62, 0.41, 0.11, 0.00, 0.00, 0.00, 0.00, 0.00, 0.00
"GD BONILLA A III",0.00, 0.00, 0.00, 0.00, 0.00, 0.00, 0.05, 0.26, 0.45, 0.59, 0.67, 0.72, 0.73, 0.72, 0.69, 0.62, 0.41, 0.11, 0.00, 0.00, 0.00, 0.00, 0.00, 0.00
"GD BONILLA A IV",0.00, 0.00, 0.00, 0.00, 0.00, 0.00, 0.05, 0.26, 0.45, 0.59, 0.67, 0.72, 0.73, 0.72, 0.69, 0.62, 0.41, 0.11, 0.00, 0.00, 0.00, 0.00, 0.00, 0.00
"GD BONILLA A V",0.00, 0.00, 0.00, 0.00, 0.00, 0.00, 0.05, 0.26, 0.45, 0.59, 0.67, 0.72, 0.73, 0.72, 0.69, 0.62, 0.41, 0.11, 0.00, 0.00, 0.00, 0.00, 0.00, 0.00
"GD CADILLO II",0.00, 0.00, 0.00, 0.00, 0.00, 0.00, 0.05, 0.26, 0.45, 0.59, 0.67, 0.72, 0.73, 0.72, 0.69, 0.62, 0.41, 0.11, 0.00, 0.00, 0.00, 0.00, 0.00, 0.00
"GD CARACOL I",0.00, 0.00, 0.00, 0.00, 0.00, 0.00, 0.05, 0.26, 0.45, 0.59, 0.67, 0.72, 0.73, 0.72, 0.69, 0.62, 0.41, 0.11, 0.00, 0.00, 0.00, 0.00, 0.00, 0.00
"GD CARACOL II",0.00, 0.00, 0.00, 0.00, 0.00, 0.00, 0.05, 0.26, 0.45, 0.59, 0.67, 0.72, 0.73, 0.72, 0.69, 0.62, 0.41, 0.11, 0.00, 0.00, 0.00, 0.00, 0.00, 0.00
"GD CARACOL III",0.00, 0.00, 0.00, 0.00, 0.00, 0.00, 0.05, 0.26, 0.45, 0.59, 0.67, 0.72, 0.73, 0.72, 0.69, 0.62, 0.41, 0.11, 0.00, 0.00, 0.00, 0.00, 0.00, 0.00
"GD CHICORAL",0.00, 0.00, 0.00, 0.00, 0.00, 0.00, 0.02, 0.11, 0.23, 0.31, 0.39, 0.41, 0.27, 0.28, 0.31, 0.11, 0.10, 0.02, 0.00, 0.00, 0.00, 0.00, 0.00, 0.00
"GD CHIMBI",0.00, 0.00, 0.00, 0.00, 0.00, 0.00, 0.03, 0.16, 0.48, 0.76, 0.61, 0.54, 0.56, 0.35, 0.47, 0.26, 0.13, 0.03, 0.00, 0.00, 0.00, 0.00, 0.00, 0.00
"GD CHIRIGUANA NORTE I",0.00, 0.00, 0.00, 0.00, 0.00, 0.01, 0.30, 0.60, 0.60, 0.70, 0.70, 0.80, 0.70, 0.70, 0.70, 0.30, 0.10, 0.05, 0.00, 0.00, 0.00, 0.00, 0.00, 0.00
"GD CHIRIGUANA NORTE II",0.00, 0.00, 0.00, 0.00, 0.00, 0.01, 0.30, 0.60, 0.60, 0.70, 0.70, 0.80, 0.70, 0.70, 0.70, 0.30, 0.10, 0.05, 0.00, 0.00, 0.00, 0.00, 0.00, 0.00
"GD CHIRIGUANA NORTE IV",0.00, 0.00, 0.00, 0.00, 0.00, 0.01, 0.30, 0.60, 0.60, 0.70, 0.70, 0.80, 0.70, 0.70, 0.70, 0.30, 0.10, 0.05, 0.00, 0.00, 0.00, 0.00, 0.00, 0.00
"GD CORALITO",0.00, 0.00, 0.00, 0.00, 0.00, 0.00, 0.01, 0.18, 0.31, 0.47, 0.70, 0.87, 0.88, 0.86, 0.50, 0.10, 0.08, 0.01, 0.00, 0.00, 0.00, 0.00, 0.00, 0.00
"GD CSF ARENALES I",0.00, 0.00, 0.00, 0.00, 0.00, 0.00, 0.01, 0.11, 0.28, 0.56, 0.64, 0.73, 0.81, 0.75, 0.64, 0.48, 0.20, 0.04, 0.00, 0.00, 0.00, 0.00, 0.00, 0.00
"GD DELTA II",0.00, 0.00, 0.00, 0.00, 0.00, 0.01, 0.30, 0.60, 0.60, 0.70, 0.70, 0.80, 0.70, 0.70, 0.70, 0.30, 0.10, 0.05, 0.00, 0.00, 0.00, 0.00, 0.00, 0.00
"GD DIOCESIS DE RIOHACHA",0.00, 0.00, 0.00, 0.00, 0.00, 0.00, 0.01, 0.03, 0.05, 0.07, 0.08, 0.09, 0.09, 0.08, 0.06, 0.05, 0.03, 0.01, 0.00, 0.00, 0.00, 0.00, 0.00, 0.00
"GD EDEQ SOLAR LA TEBAIDA",0.00, 0.00, 0.00, 0.00, 0.00, 0.01, 0.03, 0.05, 0.07, 0.08, 0.09, 0.09, 0.09, 0.07, 0.05, 0.03, 0.01, 0.01, 0.00, 0.00, 0.00, 0.00, 0.00, 0.00
"GD EDEQ SOLAR MONTENEGRO",0.00, 0.00, 0.00, 0.00, 0.00, 0.01, 0.02, 0.04, 0.05, 0.06, 0.07, 0.07, 0.07, 0.06, 0.04, 0.02, 0.01, 0.01, 0.00, 0.00, 0.00, 0.00, 0.00, 0.00
"GD EL BANCO",0.00, 0.00, 0.00, 0.00, 0.00, 0.00, 0.03, 0.24, 0.44, 0.59, 0.54, 0.64, 0.67, 0.76, 0.59, 0.36, 0.25, 0.04, 0.00, 0.00, 0.00, 0.00, 0.00, 0.00
"GD EL PASO NORTE",0.00, 0.00, 0.00, 0.00, 0.00, 0.01, 0.30, 0.60, 0.60, 0.70, 0.70, 0.80, 0.70, 0.70, 0.70, 0.30, 0.10, 0.05, 0.00, 0.00, 0.00, 0.00, 0.00, 0.00
"GD EL ROBLE",0.00, 0.00, 0.00, 0.00, 0.00, 0.00, 0.08, 0.39, 0.54, 0.78, 0.57, 0.76, 0.83, 0.69, 0.52, 0.32, 0.08, 0.01, 0.00, 0.00, 0.00, 0.00, 0.00, 0.00
"GD EMPERATRIZ I",0.00, 0.00, 0.00, 0.00, 0.00, 0.00, 0.01, 0.18, 0.31, 0.47, 0.70, 0.87, 0.88, 0.86, 0.50, 0.10, 0.08, 0.01, 0.00, 0.00, 0.00, 0.00, 0.00, 0.00
"GD EMPERATRIZ II",0.00, 0.00, 0.00, 0.00, 0.00, 0.00, 0.01, 0.18, 0.31, 0.47, 0.70, 0.87, 0.88, 0.86, 0.50, 0.10, 0.08, 0.01, 0.00, 0.00, 0.00, 0.00, 0.00, 0.00
"GD ENCANTO",0.00, 0.00, 0.00, 0.00, 0.00, 0.00, 0.00, 0.30, 0.60, 0.70, 0.90, 0.90, 0.70, 0.60, 0.50, 0.40, 0.20, 0.00, 0.00, 0.00, 0.00, 0.00, 0.00, 0.00
"GD ERCO GUAMO I",0.00, 0.00, 0.00, 0.00, 0.00, 0.00, 0.06, 0.23, 0.45, 0.67, 0.79, 0.85, 0.85, 0.77, 0.63, 0.43, 0.18, 0.02, 0.00, 0.00, 0.00, 0.00, 0.00, 0.00
"GD ERCO GUAMO II",0.00, 0.00, 0.00, 0.00, 0.00, 0.00, 0.06, 0.23, 0.45, 0.67, 0.79, 0.85, 0.85, 0.77, 0.63, 0.43, 0.18, 0.02, 0.00, 0.00, 0.00, 0.00, 0.00, 0.00
"GD ERCO GUAMO III",0.00, 0.00, 0.00, 0.00, 0.00, 0.00, 0.06, 0.23, 0.45, 0.67, 0.79, 0.85, 0.85, 0.77, 0.63, 0.43, 0.18, 0.02, 0.00, 0.00, 0.00, 0.00, 0.00, 0.00
"GD ERCO GUAMO IV",0.00, 0.00, 0.00, 0.00, 0.00, 0.00, 0.06, 0.23, 0.45, 0.67, 0.79, 0.85, 0.85, 0.77, 0.63, 0.43, 0.18, 0.02, 0.00, 0.00, 0.00, 0.00, 0.00, 0.00
"GD ERCO ISIDORI",0.00, 0.00, 0.00, 0.00, 0.00, 0.00, 0.06, 0.27, 0.46, 0.61, 0.70, 0.73, 0.72, 0.67, 0.57, 0.43, 0.23, 0.04, 0.00, 0.00, 0.00, 0.00, 0.00, 0.00
"GD ERCO LAS PIEDRAS I",0.00, 0.00, 0.00, 0.00, 0.00, 0.00, 0.06, 0.24, 0.46, 0.68, 0.78, 0.86, 0.87, 0.76, 0.64, 0.44, 0.17, 0.02, 0.00, 0.00, 0.00, 0.00, 0.00, 0.00
"GD ERCO LAS PIEDRAS II",0.00, 0.00, 0.00, 0.00, 0.00, 0.00, 0.06, 0.24, 0.46, 0.68, 0.78, 0.86, 0.87, 0.76, 0.64, 0.44, 0.17, 0.02, 0.00, 0.00, 0.00, 0.00, 0.00, 0.00
"GD ERCO MARIANGOLA",0.00, 0.00, 0.00, 0.00, 0.00, 0.00, 0.06, 0.23, 0.45, 0.67, 0.79, 0.85, 0.85, 0.77, 0.63, 0.43, 0.18, 0.02, 0.00, 0.00, 0.00, 0.00, 0.00, 0.00
"GD ERCO PALMAS",0.00, 0.00, 0.00, 0.00, 0.00, 0.00, 0.00, 0.00, 0.00, 0.00, 0.00, 0.00, 0.00, 0.00, 0.00, 0.00, 0.00, 0.00, 0.00, 0.00, 0.00, 0.00, 0.00, 0.00
"GD ERCO SALDANA I",0.00, 0.00, 0.00, 0.00, 0.00, 0.00, 0.06, 0.22, 0.45, 0.67, 0.79, 0.85, 0.85, 0.77, 0.63, 0.43, 0.18, 0.02, 0.00, 0.00, 0.00, 0.00, 0.00, 0.00
"GD ERCO SALDANA II",0.00, 0.00, 0.00, 0.00, 0.00, 0.00, 0.06, 0.22, 0.45, 0.67, 0.79, 0.85, 0.85, 0.77, 0.63, 0.43, 0.18, 0.02, 0.00, 0.00, 0.00, 0.00, 0.00, 0.00
"GD ERCO TOLDADO",0.00, 0.00, 0.00, 0.00, 0.00, 0.00, 0.02, 0.06, 0.30, 0.66, 0.97, 0.96, 0.86, 0.79, 0.61, 0.47, 0.28, 0.09, 0.00, 0.00, 0.00, 0.00, 0.00, 0.00
"GD ESPERANZA I",0.00, 0.00, 0.00, 0.00, 0.00, 0.00, 0.16, 0.27, 0.39, 0.52, 0.61, 0.65, 0.61, 0.52, 0.39, 0.27, 0.16, 0.00, 0.00, 0.00, 0.00, 0.00, 0.00, 0.00
"GD ESPERANZA II",0.00, 0.00, 0.00, 0.00, 0.00, 0.00, 0.17, 0.32, 0.46, 0.56, 0.63, 0.65, 0.63, 0.56, 0.46, 0.32, 0.17, 0.00, 0.00, 0.00, 0.00, 0.00, 0.00, 0.00
"GD FINCA ISABEL LOPEZ",0.00, 0.00, 0.00, 0.00, 0.00, 0.00, 0.01, 0.04, 0.07, 0.12, 0.08, 0.07, 0.06, 0.05, 0.02, 0.00, 0.00, 0.00, 0.00, 0.00, 0.00, 0.00, 0.00, 0.00
"GD FINCA JM",0.00, 0.00, 0.00, 0.00, 0.00, 0.00, 0.01, 0.04, 0.07, 0.12, 0.08, 0.07, 0.06, 0.05, 0.02, 0.00, 0.00, 0.00, 0.00, 0.00, 0.00, 0.00, 0.00, 0.00
"GD GALILEO SOLAR",0.00, 0.00, 0.00, 0.00, 0.00, 0.00, 0.04, 0.02, 0.04, 0.06, 0.07, 0.06, 0.06, 0.06, 0.05, 0.05, 0.02, 0.01, 0.00, 0.00, 0.00, 0.00, 0.00, 0.00
"GD GOLONDRINA",0.00, 0.00, 0.00, 0.00, 0.00, 0.00, 0.01, 0.18, 0.31, 0.47, 0.70, 0.87, 0.88, 0.86, 0.50, 0.10, 0.08, 0.01, 0.00, 0.00, 0.00, 0.00, 0.00, 0.00
"GD GRANJA LA RUBIELA",0.00, 0.00, 0.00, 0.00, 0.00, 0.00, 0.04, 0.10, 0.23, 0.23, 0.51, 0.37, 0.40, 0.43, 0.26, 0.23, 0.11, 0.04, 0.00, 0.00, 0.00, 0.00, 0.00, 0.00
"GD GRANJA SAN PELAYO",0.00, 0.00, 0.00, 0.00, 0.00, 0.00, 0.06, 0.22, 0.40, 0.59, 0.72, 0.84, 0.82, 0.68, 0.58, 0.44, 0.23, 0.06, 0.00, 0.00, 0.00, 0.00, 0.00, 0.00
"GD JARDINCITO",0.00, 0.00, 0.00, 0.00, 0.00, 0.00, 0.04, 0.02, 0.04, 0.06, 0.07, 0.06, 0.06, 0.06, 0.05, 0.05, 0.02, 0.01, 0.00, 0.00, 0.00, 0.00, 0.00, 0.00
"GD LA CACICA",0.00, 0.00, 0.00, 0.00, 0.00, 0.01, 0.30, 0.60, 0.60, 0.70, 0.70, 0.80, 0.70, 0.70, 0.70, 0.30, 0.10, 0.05, 0.00, 0.00, 0.00, 0.00, 0.00, 0.00
"GD LA CATEDRAL",0.00, 0.00, 0.00, 0.00, 0.00, 0.01, 0.30, 0.60, 0.60, 0.70, 0.70, 0.80, 0.70, 0.70, 0.70, 0.30, 0.10, 0.05, 0.00, 0.00, 0.00, 0.00, 0.00, 0.00
"GD LA HONDA",0.00, 0.00, 0.00, 0.00, 0.00, 0.00, 0.06, 0.31, 0.34, 0.34, 0.54, 0.77, 0.81, 0.54, 0.41, 0.21, 0.11, 0.03, 0.00, 0.00, 0.00, 0.00, 0.00, 0.00
"GD LA MACANA",0.00, 0.00, 0.00, 0.00, 0.00, 0.00, 0.00, 0.04, 0.13, 0.28, 0.42, 0.49, 0.48, 0.45, 0.42, 0.37, 0.26, 0.14, 0.05, 0.00, 0.00, 0.00, 0.00, 0.00
"GD LA URIBE",0.00, 0.00, 0.00, 0.00, 0.00, 0.00, 0.00, 0.00, 0.00, 0.00, 0.00, 0.00, 0.00, 0.00, 0.00, 0.00, 0.00, 0.01, 0.00, 0.00, 0.00, 0.00, 0.00, 0.00
"GD LAS MERCEDES I",0.00, 0.00, 0.00, 0.00, 0.00, 0.00, 0.00, 0.00, 0.00, 0.00, 0.00, 0.00, 0.00, 0.00, 0.00, 0.00, 0.00, 0.00, 0.00, 0.00, 0.00, 0.00, 0.00, 0.00
"GD LAS MERCEDES II",0.00, 0.00, 0.00, 0.00, 0.00, 0.00, 0.05, 0.20, 0.38, 0.54, 0.56, 0.58, 0.61, 0.58, 0.55, 0.32, 0.16, 0.05, 0.00, 0.00, 0.00, 0.00, 0.00, 0.00
"GD LAS PILONERAS",0.00, 0.00, 0.00, 0.00, 0.00, 0.01, 0.30, 0.60, 0.60, 0.70, 0.70, 0.80, 0.70, 0.70, 0.70, 0.30, 0.10, 0.05, 0.00, 0.00, 0.00, 0.00, 0.00, 0.00
"GD LOS CHORROS",0.00, 0.00, 0.00, 0.00, 0.00, 0.00, 0.04, 0.15, 0.21, 0.35, 0.41, 0.52, 0.42, 0.21, 0.18, 0.18, 0.06, 0.02, 0.00, 0.00, 0.00, 0.00, 0.00, 0.00
"GD LYRA",0.00, 0.00, 0.00, 0.00, 0.00, 0.01, 0.30, 0.60, 0.60, 0.70, 0.70, 0.80, 0.70, 0.70, 0.70, 0.30, 0.10, 0.05, 0.00, 0.00, 0.00, 0.00, 0.00, 0.00
"GD MEISSA II",0.00, 0.00, 0.00, 0.00, 0.00, 0.00, 0.04, 0.02, 0.04, 0.06, 0.07, 0.06, 0.06, 0.06, 0.05, 0.05, 0.02, 0.01, 0.00, 0.00, 0.00, 0.00, 0.00, 0.00
"GD MGS 0013 LA MESA",0.00, 0.00, 0.00, 0.00, 0.00, 0.01, 0.30, 0.60, 0.60, 0.70, 0.80, 0.90, 0.80, 0.70, 0.70, 0.30, 0.10, 0.05, 0.00, 0.00, 0.00, 0.00, 0.00, 0.00
"GD NAOS I",0.00, 0.00, 0.00, 0.00, 0.00, 0.01, 0.30, 0.60, 0.60, 0.70, 0.70, 0.80, 0.70, 0.70, 0.70, 0.30, 0.01, 0.05, 0.00, 0.00, 0.00, 0.00, 0.00, 0.00
"GD NAOS II",0.00, 0.00, 0.00, 0.00, 0.00, 0.01, 0.30, 0.60, 0.60, 0.70, 0.70, 0.80, 0.70, 0.70, 0.70, 0.30, 0.10, 0.05, 0.00, 0.00, 0.00, 0.00, 0.00, 0.00
"GD NAOS III",0.00, 0.00, 0.00, 0.00, 0.00, 0.01, 0.30, 0.60, 0.70, 0.70, 0.70, 0.80, 0.70, 0.70, 0.70, 0.30, 0.10, 0.05, 0.00, 0.00, 0.00, 0.00, 0.00, 0.00
"GD ORBIS",0.00, 0.00, 0.00, 0.00, 0.00, 0.01, 0.30, 0.60, 0.60, 0.70, 0.70, 0.80, 0.70, 0.70, 0.70, 0.30, 0.10, 0.05, 0.00, 0.00, 0.00, 0.00, 0.00, 0.00
"GD PALERMO",0.00, 0.00, 0.00, 0.00, 0.00, 0.00, 0.05, 0.14, 0.32, 0.50, 0.59, 0.80, 0.57, 0.35, 0.34, 0.30, 0.11, 0.04, 0.00, 0.00, 0.00, 0.00, 0.00, 0.00
"GD PALMERAS I",0.00, 0.00, 0.00, 0.00, 0.00, 0.00, 0.05, 0.26, 0.45, 0.59, 0.67, 0.72, 0.73, 0.72, 0.69, 0.62, 0.41, 0.11, 0.00, 0.00, 0.00, 0.00, 0.00, 0.00
"GD PALMERAS II",0.00, 0.00, 0.00, 0.00, 0.00, 0.00, 0.05, 0.26, 0.45, 0.59, 0.67, 0.72, 0.73, 0.72, 0.69, 0.62, 0.41, 0.11, 0.00, 0.00, 0.00, 0.00, 0.00, 0.00
"GD PALMERAS III",0.00, 0.00, 0.00, 0.00, 0.00, 0.00, 0.05, 0.26, 0.45, 0.59, 0.67, 0.72, 0.73, 0.72, 0.69, 0.62, 0.41, 0.11, 0.00, 0.00, 0.00, 0.00, 0.00, 0.00
"GD PALMERAS IV",0.00, 0.00, 0.00, 0.00, 0.00, 0.00, 0.05, 0.26, 0.45, 0.59, 0.67, 0.72, 0.73, 0.72, 0.69, 0.62, 0.41, 0.11, 0.00, 0.00, 0.00, 0.00, 0.00, 0.00
"GD PARQUE SOLAR GRANADA I",0.00, 0.00, 0.00, 0.00, 0.00, 0.00, 0.02, 0.17, 0.30, 0.45, 0.50, 0.50, 0.50, 0.35, 0.25, 0.20, 0.15, 0.04, 0.00, 0.00, 0.00, 0.00, 0.00, 0.00
"GD PARQUE SOLAR GRANADA II",0.00, 0.00, 0.00, 0.00, 0.00, 0.02, 0.17, 0.30, 0.45, 0.50, 0.50, 0.50, 0.50, 0.35, 0.25, 0.20, 0.15, 0.00, 0.00, 0.00, 0.00, 0.00, 0.00, 0.00
"GD PARQUE SOLAR LA ESPERANZA",0.00, 0.00, 0.00, 0.00, 0.00, 0.02, 0.17, 0.30, 0.45, 0.50, 0.50, 0.50, 0.50, 0.35, 0.25, 0.20, 0.15, 0.00, 0.00, 0.00, 0.00, 0.00, 0.00, 0.00
"GD PARQUE SOLAR TRONCAL",0.00, 0.00, 0.00, 0.00, 0.00, 0.02, 0.17, 0.30, 0.45, 0.50, 0.50, 0.50, 0.50, 0.35, 0.25, 0.20, 0.15, 0.00, 0.00, 0.00, 0.00, 0.00, 0.00, 0.00
"GD PEGASUS SOLAR",0.00, 0.00, 0.00, 0.00, 0.00, 0.00, 0.04, 0.02, 0.04, 0.06, 0.07, 0.06, 0.06, 0.06, 0.05, 0.05, 0.02, 0.01, 0.00, 0.00, 0.00, 0.00, 0.00, 0.00
"GD POLARIS II",0.00, 0.00, 0.00, 0.00, 0.00, 0.01, 0.30, 0.60, 0.60, 0.70, 0.70, 0.80, 0.70, 0.70, 0.70, 0.30, 0.10, 0.05, 0.00, 0.00, 0.00, 0.00, 0.00, 0.00
"GD POLARIS III",0.00, 0.00, 0.00, 0.00, 0.00, 0.01, 0.30, 0.60, 0.60, 0.70, 0.70, 0.80, 0.70, 0.70, 0.70, 0.30, 0.10, 0.05, 0.00, 0.00, 0.00, 0.00, 0.00, 0.00
"GD PULOY",0.00, 0.00, 0.00, 0.00, 0.00, 0.01, 0.30, 0.60, 0.60, 0.70, 0.70, 0.80, 0.70, 0.70, 0.70, 0.30, 0.10, 0.05, 0.00, 0.00, 0.00, 0.00, 0.00, 0.00
"GD PXV I",0.00, 0.00, 0.00, 0.00, 0.00, 0.01, 0.10, 0.38, 0.60, 0.70, 0.80, 0.85, 0.85, 0.85, 0.70, 0.50, 0.22, 0.02, 0.00, 0.00, 0.00, 0.00, 0.00, 0.00
"GD PXV IV",0.00, 0.00, 0.00, 0.00, 0.00, 0.01, 0.10, 0.38, 0.60, 0.70, 0.80, 0.85, 0.85, 0.85, 0.70, 0.50, 0.22, 0.02, 0.00, 0.00, 0.00, 0.00, 0.00, 0.00
"GD SABANA DE TORRES",0.00, 0.00, 0.00, 0.00, 0.00, 0.01, 0.30, 0.60, 0.60, 0.70, 0.70, 0.80, 0.70, 0.70, 0.70, 0.30, 0.10, 0.05, 0.00, 0.00, 0.00, 0.00, 0.00, 0.00
"GD SAN MARTIN",0.00, 0.00, 0.00, 0.00, 0.00, 0.00, 0.03, 0.17, 0.30, 0.45, 0.50, 0.44, 0.50, 0.35, 0.25, 0.33, 0.17, 0.04, 0.00, 0.00, 0.00, 0.00, 0.00, 0.00
"GD SAN MARTIN II",0.00, 0.00, 0.00, 0.00, 0.00, 0.00, 0.02, 0.17, 0.30, 0.45, 0.50, 0.50, 0.50, 0.35, 0.25, 0.33, 0.17, 0.04, 0.00, 0.00, 0.00, 0.00, 0.00, 0.00
"GD SAN MARTIN III",0.00, 0.00, 0.00, 0.00, 0.00, 0.00, 0.02, 0.17, 0.30, 0.45, 0.50, 0.50, 0.50, 0.35, 0.25, 0.20, 0.15, 0.04, 0.00, 0.00, 0.00, 0.00, 0.00, 0.00
"GD SAN ONOFRE I",0.00, 0.00, 0.00, 0.00, 0.00, 0.00, 0.06, 0.22, 0.40, 0.59, 0.72, 0.84, 0.82, 0.68, 0.58, 0.44, 0.23, 0.06, 0.00, 0.00, 0.00, 0.00, 0.00, 0.00
"GD SAN ONOFRE II",0.00, 0.00, 0.00, 0.00, 0.00, 0.00, 0.06, 0.22, 0.40, 0.59, 0.72, 0.84, 0.82, 0.68, 0.58, 0.44, 0.23, 0.06, 0.00, 0.00, 0.00, 0.00, 0.00, 0.00
"GD SAN ONOFRE III",0.00, 0.00, 0.00, 0.00, 0.00, 0.00, 0.06, 0.22, 0.40, 0.59, 0.72, 0.84, 0.82, 0.68, 0.58, 0.44, 0.23, 0.06, 0.00, 0.00, 0.00, 0.00, 0.00, 0.00
"GD SAN PELAYO",0.00, 0.00, 0.00, 0.00, 0.00, 0.01, 0.30, 0.60, 0.60, 0.70, 0.70, 0.80, 0.70, 0.70, 0.70, 0.30, 0.10, 0.05, 0.00, 0.00, 0.00, 0.00, 0.00, 0.00
"GD SEMILLA DE EL PASO IIIA",0.00, 0.00, 0.00, 0.00, 0.00, 0.00, 0.06, 0.23, 0.45, 0.67, 0.79, 0.85, 0.85, 0.77, 0.63, 0.43, 0.18, 0.02, 0.00, 0.00, 0.00, 0.00, 0.00, 0.00
"GD SEMILLA DE EL PASO IVA",0.00, 0.00, 0.00, 0.00, 0.00, 0.00, 0.06, 0.23, 0.45, 0.67, 0.79, 0.85, 0.85, 0.77, 0.63, 0.43, 0.18, 0.02, 0.00, 0.00, 0.00, 0.00, 0.00, 0.00
"GD SEMILLA DE GUACAMAYAL II",0.00, 0.00, 0.00, 0.00, 0.00, 0.00, 0.01, 0.04, 0.07, 0.12, 0.08, 0.07, 0.06, 0.05, 0.02, 0.00, 0.00, 0.00, 0.00, 0.00, 0.00, 0.00, 0.00, 0.00
"GD SEMILLA DEL PASO IA",0.00, 0.00, 0.00, 0.00, 0.00, 0.00, 0.06, 0.23, 0.45, 0.67, 0.79, 0.85, 0.85, 0.77, 0.63, 0.43, 0.18, 0.02, 0.00, 0.00, 0.00, 0.00, 0.00, 0.00
"GD SEMILLA DEL PASO III",0.00, 0.00, 0.00, 0.00, 0.00, 0.00, 0.06, 0.23, 0.45, 0.67, 0.79, 0.85, 0.85, 0.77, 0.63, 0.43, 0.18, 0.02, 0.00, 0.00, 0.00, 0.00, 0.00, 0.00
"GD SEMILLAS MONTERIA I",0.00, 0.00, 0.00, 0.00, 0.00, 0.00, 0.01, 0.18, 0.31, 0.47, 0.70, 0.87, 0.88, 0.86, 0.50, 0.10, 0.08, 0.01, 0.00, 0.00, 0.00, 0.00, 0.00, 0.00
"GD SEMILLAS MONTERIA II",0.00, 0.00, 0.00, 0.00, 0.00, 0.00, 0.01, 0.18, 0.31, 0.47, 0.70, 0.87, 0.88, 0.86, 0.50, 0.10, 0.08, 0.01, 0.00, 0.00, 0.00, 0.00, 0.00, 0.00
"GD SEVILLANO RURAL I",0.00, 0.00, 0.00, 0.00, 0.00, 0.00, 0.04, 0.02, 0.04, 0.06, 0.07, 0.06, 0.06, 0.06, 0.05, 0.05, 0.02, 0.01, 0.00, 0.00, 0.00, 0.00, 0.00, 0.00
"GD SEVILLANO RURAL II",0.00, 0.00, 0.00, 0.00, 0.00, 0.00, 0.04, 0.02, 0.04, 0.06, 0.07, 0.06, 0.06, 0.06, 0.05, 0.05, 0.02, 0.01, 0.00, 0.00, 0.00, 0.00, 0.00, 0.00
"GD SINAI",0.00, 0.00, 0.00, 0.00, 0.00, 0.00, 0.17, 0.32, 0.46, 0.56, 0.63, 0.65, 0.63, 0.56, 0.46, 0.32, 0.17, 0.00, 0.00, 0.00, 0.00, 0.00, 0.00, 0.00
"GD SOLYCIELO 9",0.00, 0.00, 0.00, 0.00, 0.00, 0.01, 0.30, 0.60, 0.60, 0.70, 0.80, 0.90, 0.80, 0.70, 0.70, 0.30, 0.10, 0.05, 0.00, 0.00, 0.00, 0.00, 0.00, 0.00
"GD SUAMOX",0.00, 0.00, 0.00, 0.00, 0.00, 0.05, 0.17, 0.37, 0.57, 0.69, 0.69, 0.66, 0.47, 0.27, 0.22, 0.10, 0.02, 0.00, 0.00, 0.00, 0.00, 0.00, 0.00, 0.00
"GD VITERBO I",0.00, 0.00, 0.00, 0.00, 0.00, 0.00, 0.03, 0.22, 0.46, 0.58, 0.57, 0.80, 0.74, 0.50, 0.09, 0.23, 0.15, 0.04, 0.00, 0.00, 0.00, 0.00, 0.00, 0.00
"GD VITERBO II",0.00, 0.00, 0.00, 0.00, 0.00, 0.00, 0.03, 0.22, 0.46, 0.58, 0.57, 0.80, 0.74, 0.50, 0.09, 0.23, 0.15, 0.04, 0.00, 0.00, 0.00, 0.00, 0.00, 0.00
"GD WE202",0.00, 0.00, 0.00, 0.00, 0.00, 0.00, 0.13, 0.25, 0.25, 0.32, 0.45, 0.45, 0.40, 0.77, 0.35, 0.25, 0.01, 0.00, 0.00, 0.00, 0.00, 0.00, 0.00, 0.00
"GD WE2021",0.00, 0.00, 0.00, 0.00, 0.00, 0.00, 0.13, 0.25, 0.25, 0.32, 0.45, 0.45, 0.40, 0.77, 0.35, 0.25, 0.01, 0.00, 0.00, 0.00, 0.00, 0.00, 0.00, 0.00
"GD YUAN SOLAR",0.00, 0.00, 0.00, 0.00, 0.00, 0.01, 0.30, 0.60, 0.60, 0.70, 0.70, 0.80, 0.70, 0.70, 0.70, 0.30, 0.10, 0.05, 0.00, 0.00, 0.00, 0.00, 0.00, 0.00
"GD YURBAQUA",0.00, 0.00, 0.00, 0.00, 0.00, 0.01, 0.30, 0.60, 0.60, 0.70, 0.70, 0.80, 0.70, 0.70, 0.70, 0.30, 0.10, 0.05, 0.00, 0.00, 0.00, 0.00, 0.00, 0.00
"GECELCA 3",164.00, 164.00, 164.00, 164.00, 164.00, 164.00, 164.00, 164.00, 164.00, 164.00, 164.00, 164.00, 164.00, 164.00, 164.00, 164.00, 164.00, 164.00, 164.00, 164.00, 164.00, 164.00, 164.00, 164.00
"GECELCA 32",260.00, 260.00, 260.00, 260.00, 260.00, 260.00, 260.00, 260.00, 260.00, 260.00, 260.00, 260.00, 260.00, 260.00, 260.00, 260.00, 260.00, 260.00, 260.00, 260.00, 260.00, 260.00, 260.00, 260.00
"GR PARQUE SOLAR TUCANES",0.00, 0.00, 0.00, 0.00, 0.00, 0.00, 0.00, 3.00, 8.00, 9.00, 9.00, 8.00, 5.00, 8.00, 8.00, 7.00, 2.00, 1.00, 0.00, 0.00, 0.00, 0.00, 0.00, 0.00
"GRANJA SOLAR BELMONTE",0.00, 0.00, 0.00, 0.00, 0.00, 0.00, 0.07, 0.51, 0.94, 1.66, 0.06, 2.41, 0.01, 0.03, 1.71, 0.79, 0.43, 0.09, 0.00, 0.00, 0.00, 0.00, 0.00, 0.00
"GRANJA SOLAR EL SALADO",0.00, 0.00, 0.00, 0.00, 0.00, 0.00, 0.00, 0.02, 0.04, 0.06, 0.06, 0.07, 0.07, 0.06, 0.05, 0.03, 0.02, 0.01, 0.00, 0.00, 0.00, 0.00, 0.00, 0.00
"GRANJA SOLAR FLANDES",0.00, 0.00, 0.00, 0.00, 0.00, 0.00, 2.00, 9.00, 9.00, 15.00, 13.00, 18.00, 14.00, 7.00, 5.00, 5.00, 2.00, 0.00, 0.00, 0.00, 0.00, 0.00, 0.00, 0.00
"GRANJA SOLAR LA GARITA",0.00, 0.00, 0.00, 0.00, 0.00, 0.00, 0.00, 0.00, 0.00, 0.00, 0.00, 0.00, 0.00, 0.00, 0.00, 0.00, 0.00, 0.00, 0.00, 0.00, 0.00, 0.00, 0.00, 0.00
"GRANJA SOLAR LANCEROS",0.00, 0.00, 0.00, 0.00, 0.00, 0.00, 0.00, 1.00, 5.00, 7.00, 6.00, 5.00, 6.00, 3.00, 5.00, 2.00, 1.00, 0.00, 0.00, 0.00, 0.00, 0.00, 0.00, 0.00
"GRANJA SOLAR SAN FELIPE",0.00, 0.00, 0.00, 0.00, 0.00, 0.00, 0.00, 3.00, 5.00, 6.00, 6.00, 7.00, 9.00, 8.00, 7.00, 4.00, 2.00, 0.00, 0.00, 0.00, 0.00, 0.00, 0.00, 0.00
"GUACAICA",0.00, 0.00, 0.00, 0.00, 0.00, 0.00, 0.00, 0.00, 0.00, 0.00, 0.00, 0.00, 0.00, 0.00, 0.00, 0.00, 0.00, 0.00, 0.00, 0.00, 0.00, 0.00, 0.00, 0.00
"GUAJIRA 1",0.00, 0.00, 0.00, 0.00, 0.00, 0.00, 0.00, 0.00, 0.00, 0.00, 0.00, 0.00, 0.00, 0.00, 0.00, 0.00, 0.00, 0.00, 0.00, 0.00, 0.00, 0.00, 0.00, 0.00
"GUAJIRA 2",0.00, 0.00, 0.00, 0.00, 0.00, 0.00, 0.00, 0.00, 0.00, 0.00, 0.00, 0.00, 0.00, 0.00, 0.00, 0.00, 0.00, 0.00, 0.00, 0.00, 0.00, 0.00, 0.00, 0.00
"GUAMO",0.00, 0.00, 0.00, 0.00, 0.00, 0.42, 1.76, 3.31, 4.75, 6.21, 7.18, 7.28, 6.61, 5.55, 4.10, 2.31, 0.57, 0.00, 0.00, 0.00, 0.00, 0.00, 0.00, 0.00
"GUANAQUITAS",5.59, 5.59, 5.59, 5.59, 5.59, 5.59, 5.59, 5.59, 5.59, 5.59, 5.59, 5.59, 5.59, 5.59, 5.59, 5.59, 5.59, 5.59, 5.59, 5.59, 5.59, 5.59, 5.59, 5.59
"GUATAPE",0.00, 0.00, 0.00, 0.00, 0.00, 0.00, 0.00, 0.00, 0.00, 0.00, 0.00, 0.00, 0.00, 0.00, 0.00, 0.00, 0.00, 0.00, 490.00, 490.00, 490.00, 0.00, 0.00, 0.00
"GUATRON",341.00, 341.00, 341.00, 341.00, 341.00, 341.00, 341.00, 341.00, 341.00, 341.00, 341.00, 341.00, 341.00, 427.00, 427.00, 427.00, 427.00, 427.00, 427.00, 427.00, 427.00, 427.00, 427.00, 427.00
"GUAVIO",1210.00, 1210.00, 1210.00, 1210.00, 1210.00, 1210.00, 1210.00, 1210.00, 1210.00, 1210.00, 1210.00, 1210.00, 1210.00, 1210.00, 1210.00, 1210.00, 1210.00, 1210.00, 1210.00, 1210.00, 1210.00, 1210.00, 1210.00, 1210.00
"GUAVIO MENOR",5.00, 5.00, 5.00, 5.00, 5.00, 5.00, 5.00, 5.00, 5.00, 5.00, 5.00, 5.00, 5.00, 5.00, 5.00, 5.00, 5.00, 5.00, 5.00, 5.00, 5.00, 5.00, 5.00, 5.00
"GUAYEPO",0.00, 0.00, 0.00, 0.00, 0.00, 0.00, 44.00, 152.00, 234.00, 242.00, 252.00, 300.00, 302.00, 266.00, 242.00, 181.00, 101.00, 19.00, 0.00, 0.00, 0.00, 0.00, 0.00, 0.00
"GUAYEPO III",0.00, 0.00, 0.00, 0.00, 0.00, 0.00, 24.00, 112.00, 145.00, 139.00, 137.00, 165.00, 167.00, 149.00, 139.00, 95.00, 51.00, 19.00, 0.00, 0.00, 0.00, 0.00, 0.00, 0.00
"GY SOLAR AURORA",0.00, 0.00, 0.00, 0.00, 0.00, 0.01, 0.03, 0.24, 0.36, 0.51, 0.63, 0.54, 0.61, 0.20, 0.10, 0.00, 0.00, 0.00, 0.00, 0.00, 0.00, 0.00, 0.00, 0.00
"HELIOS I",0.00, 0.00, 0.00, 0.00, 0.00, 0.04, 1.50, 3.00, 6.00, 9.00, 11.00, 13.00, 14.00, 12.00, 7.00, 4.00, 1.50, 0.05, 0.00, 0.00, 0.00, 0.00, 0.00, 0.00
"HIDROBARRANCAS",3.10, 3.10, 3.10, 3.10, 3.10, 3.10, 3.10, 3.10, 3.10, 3.10, 3.10, 3.10, 3.10, 3.10, 3.10, 3.10, 3.10, 3.10, 3.10, 3.10, 3.10, 3.10, 3.10, 3.10
"HIDROMONTAÑITAS",10.00, 10.00, 10.00, 10.00, 10.00, 10.00, 10.00, 10.00, 10.00, 10.00, 10.00, 10.00, 10.00, 10.00, 10.00, 10.00, 10.00, 10.00, 10.00, 10.00, 10.00, 10.00, 10.00, 10.00
"INCAUCA 1",35.00, 35.00, 35.00, 35.00, 35.00, 35.00, 35.00, 35.00, 35.00, 35.00, 35.00, 35.00, 35.00, 35.00, 35.00, 35.00, 35.00, 35.00, 35.00, 35.00, 35.00, 35.00, 35.00, 35.00
"INGENIO PICHICHI 1",0.00, 0.00, 0.00, 0.00, 0.00, 0.00, 0.00, 0.00, 0.00, 0.00, 0.00, 0.00, 0.00, 0.00, 0.00, 0.00, 0.00, 0.00, 0.00, 0.00, 0.00, 0.00, 0.00, 0.00
"INGENIO PROVIDENCIA 2",12.30, 12.30, 12.30, 12.30, 12.30, 12.30, 12.30, 12.30, 12.30, 12.30, 12.30, 12.30, 12.30, 12.30, 12.30, 12.30, 12.30, 12.30, 12.30, 12.30, 12.30, 12.30, 12.30, 12.30
"INGENIO RIOPAILA 1",6.00, 6.00, 6.00, 6.00, 6.00, 6.00, 6.00, 6.00, 6.00, 6.00, 6.00, 6.00, 6.00, 6.00, 6.00, 6.00, 6.00, 6.00, 6.00, 6.00, 6.00, 6.00, 6.00, 6.00
"INGENIO RISARALDA 1",13.00, 13.00, 13.00, 13.00, 13.00, 13.00, 13.00, 13.00, 13.00, 13.00, 13.00, 13.00, 13.00, 13.00, 13.00, 13.00, 13.00, 13.00, 13.00, 13.00, 13.00, 13.00, 13.00, 13.00
"INGENIO SAN CARLOS 1",1.59, 1.59, 1.59, 1.59, 1.59, 1.59, 1.59, 1.59, 1.59, 1.59, 1.59, 1.59, 1.59, 1.59, 1.59, 1.59, 1.59, 1.59, 1.59, 1.59, 1.59, 1.59, 1.59, 1.59
"INSULA",7.00, 7.00, 7.00, 7.00, 7.00, 7.00, 7.00, 7.00, 7.00, 7.00, 7.00, 7.00, 7.00, 7.00, 7.00, 7.00, 7.00, 7.00, 7.00, 7.00, 7.00, 7.00, 7.00, 7.00
"INTERMEDIA",0.00, 0.00, 0.00, 0.00, 0.00, 0.00, 0.00, 0.00, 0.00, 0.00, 0.00, 0.00, 0.00, 0.00, 0.00, 0.00, 0.00, 0.00, 0.00, 0.00, 0.00, 0.00, 0.00, 0.00
"INZA",0.00, 0.00, 0.00, 0.00, 0.00, 0.00, 0.00, 0.00, 0.00, 0.00, 0.00, 0.00, 0.00, 0.00, 0.00, 0.00, 0.00, 0.00, 0.00, 0.00, 0.00, 0.00, 0.00, 0.00
"IQUIRA I",0.00, 0.00, 0.00, 0.00, 0.00, 0.00, 0.00, 0.00, 0.00, 0.00, 0.00, 0.00, 0.00, 0.00, 0.00, 0.00, 0.00, 0.00, 0.00, 0.00, 0.00, 0.00, 0.00, 0.00
"IQUIRA II",0.00, 0.00, 0.00, 0.00, 0.00, 0.00, 0.00, 0.00, 0.00, 0.00, 0.00, 0.00, 0.00, 0.00, 0.00, 0.00, 0.00, 0.00, 0.00, 0.00, 0.00, 0.00, 0.00, 0.00
"ITUANGO",920.00, 920.00, 920.00, 920.00, 920.00, 920.00, 920.00, 920.00, 920.00, 920.00, 920.00, 920.00, 920.00, 920.00, 920.00, 920.00, 920.00, 920.00, 920.00, 920.00, 920.00, 920.00, 920.00, 920.00
"JAGUAS",0.00, 0.00, 0.00, 0.00, 0.00, 0.00, 0.00, 0.00, 0.00, 0.00, 0.00, 0.00, 0.00, 0.00, 0.00, 0.00, 0.00, 0.00, 170.00, 170.00, 170.00, 155.97, 0.00, 0.00
"JEQUES",0.00, 0.00, 0.00, 0.00, 0.00, 0.01, 0.03, 0.24, 0.36, 0.51, 0.63, 0.54, 0.61, 0.20, 0.10, 0.00, 0.00, 0.00, 0.00, 0.00, 0.00, 0.00, 0.00, 0.00
"JUAN GARCIA",2.20, 2.20, 2.20, 2.20, 2.20, 2.20, 2.20, 2.20, 2.20, 2.20, 2.20, 2.20, 2.20, 2.20, 2.20, 2.20, 2.20, 2.20, 2.20, 2.20, 2.20, 2.20, 2.80, 2.80
"JUMI",0.00, 0.00, 0.00, 0.00, 0.00, 0.00, 0.63, 3.15, 7.57, 8.83, 8.83, 8.83, 8.20, 7.57, 5.67, 2.52, 1.26, 0.00, 0.00, 0.00, 0.00, 0.00, 0.00, 0.00
"LA CASCADA ( ABEJORRAL)",2.00, 2.00, 2.00, 2.00, 2.00, 2.00, 2.00, 2.00, 2.00, 2.00, 2.00, 2.00, 2.00, 2.00, 2.00, 2.00, 2.00, 2.00, 2.00, 2.00, 2.00, 2.00, 2.00, 2.00
"LA CASCADA (ANTIOQUIA)",1.81, 1.81, 1.81, 1.81, 1.81, 1.81, 1.81, 1.81, 1.81, 1.81, 1.81, 1.81, 1.81, 1.81, 1.81, 1.81, 1.81, 1.81, 1.81, 1.81, 1.81, 1.81, 1.81, 1.81
"LA CASCADA DE GRANADA",0.70, 0.70, 0.70, 0.70, 0.70, 0.70, 0.70, 0.70, 0.70, 0.70, 0.70, 0.70, 0.70, 0.70, 0.70, 0.70, 0.70, 0.70, 0.70, 0.70, 0.70, 0.70, 0.70, 0.70
"LA CHORRERA",7.00, 7.00, 7.00, 7.00, 7.00, 7.00, 7.00, 7.00, 7.00, 7.00, 7.00, 7.00, 7.00, 7.00, 7.00, 7.00, 7.00, 7.00, 7.00, 7.00, 7.00, 7.00, 7.00, 7.00
"LA FRISOLERA",0.29, 0.29, 0.29, 0.29, 0.29, 0.29, 0.29, 0.29, 0.29, 0.29, 0.29, 0.29, 0.29, 0.29, 0.29, 0.29, 0.29, 0.29, 0.29, 0.29, 0.29, 0.29, 0.29, 0.29
"LA HERRADURA",14.00, 14.00, 14.00, 14.00, 14.00, 14.00, 14.00, 14.00, 14.00, 14.00, 14.00, 14.00, 14.00, 14.00, 14.00, 14.00, 14.00, 14.00, 14.00, 14.00, 14.00, 14.00, 14.00, 14.00
"LA INGLESA",0.00, 0.00, 0.00, 0.00, 0.00, 0.01, 0.30, 0.60, 0.60, 0.70, 0.70, 0.80, 0.70, 0.70, 0.70, 0.30, 0.01, 0.05, 0.00, 0.00, 0.00, 0.00, 0.00, 0.00
"LA MARTINA",0.00, 0.00, 0.00, 0.00, 0.00, 0.01, 0.49, 1.84, 3.78, 5.64, 6.76, 7.86, 8.22, 7.33, 6.35, 4.67, 2.57, 0.51, 0.00, 0.00, 0.00, 0.00, 0.00, 0.00
"LA MATA",0.00, 0.00, 0.00, 0.00, 0.00, 0.00, 22.00, 58.00, 75.00, 80.00, 80.00, 80.00, 80.00, 80.00, 80.00, 72.00, 50.00, 20.00, 0.00, 0.00, 0.00, 0.00, 0.00, 0.00
"LA MEDINA",0.00, 0.00, 0.00, 0.00, 0.00, 0.00, 0.00, 3.00, 3.00, 5.00, 5.00, 5.00, 5.00, 6.00, 5.00, 4.00, 2.00, 0.00, 0.00, 0.00, 0.00, 0.00, 0.00, 0.00
"LA NAVETA",3.00, 3.00, 3.00, 3.00, 3.00, 3.00, 3.00, 3.00, 3.00, 3.00, 3.00, 3.00, 3.00, 3.00, 3.00, 3.00, 3.00, 3.00, 3.00, 3.00, 3.00, 3.00, 3.00, 3.00
"LA NENERA",0.00, 0.00, 0.00, 0.00, 0.00, 0.00, 0.02, 0.06, 0.30, 0.66, 0.97, 0.96, 0.86, 0.79, 0.61, 0.47, 0.28, 0.09, 0.00, 0.00, 0.00, 0.00, 0.00, 0.00
"LA PITA",1.00, 1.00, 1.00, 1.00, 1.00, 1.00, 1.00, 1.00, 1.00, 1.00, 1.00, 1.00, 1.00, 1.00, 1.00, 1.00, 1.00, 1.00, 1.00, 1.00, 1.00, 1.00, 1.00, 1.00
"LA REBUSCA",0.65, 0.65, 0.65, 0.65, 0.65, 0.65, 0.65, 0.65, 0.65, 0.65, 0.65, 0.65, 0.65, 0.65, 0.65, 0.65, 0.65, 0.65, 0.65, 0.65, 0.65, 0.65, 0.65, 0.65
"LA SIERPE",0.00, 0.00, 0.00, 0.00, 0.00, 0.00, 2.00, 4.00, 6.00, 12.00, 19.00, 19.00, 19.00, 19.00, 16.00, 14.00, 4.00, 6.00, 1.00, 0.00, 0.00, 0.00, 0.00, 0.00
"LA TASAJERA",306.00, 306.00, 306.00, 306.00, 306.00, 306.00, 306.00, 306.00, 306.00, 306.00, 306.00, 306.00, 306.00, 306.00, 306.00, 306.00, 306.00, 306.00, 306.00, 306.00, 306.00, 306.00, 306.00, 306.00
"LA TOLUA",0.00, 0.00, 0.00, 0.00, 0.00, 0.00, 2.00, 4.00, 6.00, 8.00, 19.00, 19.00, 19.00, 19.00, 16.00, 14.00, 8.00, 6.00, 1.00, 0.00, 0.00, 0.00, 0.00, 0.00
"LA VUELTA",6.50, 6.50, 6.50, 6.50, 6.50, 6.50, 6.50, 6.50, 6.50, 6.50, 6.50, 6.50, 6.50, 6.50, 6.50, 6.50, 6.50, 6.50, 6.50, 6.50, 6.50, 6.50, 6.50, 6.50
"LAGUNETA",18.00, 18.00, 18.00, 18.00, 18.00, 18.00, 18.00, 18.00, 18.00, 18.00, 18.00, 18.00, 18.00, 18.00, 18.00, 18.00, 18.00, 18.00, 18.00, 18.00, 18.00, 18.00, 18.00, 18.00
"LAS PALMAS",2.80, 2.80, 2.80, 2.80, 2.80, 2.80, 2.80, 2.80, 2.80, 2.80, 2.80, 2.80, 2.80, 2.80, 2.80, 2.80, 2.80, 2.80, 2.80, 2.80, 2.80, 2.80, 2.80, 2.80
"LAS VIOLETAS",0.45, 0.45, 0.45, 0.45, 0.45, 0.45, 0.45, 0.45, 0.45, 0.45, 0.45, 0.45, 0.45, 0.45, 0.45, 0.45, 0.45, 0.45, 0.45, 0.45, 0.45, 0.45, 0.45, 0.00
"LATAM SOLAR LA LOMA",0.00, 0.00, 0.00, 0.00, 0.00, 0.00, 9.00, 47.00, 94.00, 112.00, 109.00, 108.00, 117.00, 95.00, 100.00, 88.00, 80.00, 10.00, 0.00, 0.00, 0.00, 0.00, 0.00, 0.00
"LOS CABALLEROS",0.00, 0.00, 0.00, 0.00, 0.00, 0.00, 0.00, 3.00, 3.00, 6.00, 6.00, 5.00, 7.00, 8.00, 6.00, 4.00, 2.00, 0.00, 0.00, 0.00, 0.00, 0.00, 0.00, 0.00
"LOS GIRASOLES",0.00, 0.00, 0.00, 0.00, 0.00, 0.00, 2.14, 4.09, 5.36, 6.89, 7.70, 8.17, 7.30, 6.63, 5.51, 3.68, 2.22, 0.00, 0.00, 0.00, 0.00, 0.00, 0.00, 0.00
"LUZMA I",15.24, 15.24, 15.24, 15.24, 15.24, 15.24, 15.24, 15.24, 15.24, 15.24, 15.24, 15.24, 15.24, 15.24, 15.24, 15.24, 15.24, 15.24, 15.24, 15.24, 15.24, 15.24, 15.24, 15.24
"LUZMA II",14.94, 14.94, 14.94, 14.94, 14.94, 14.94, 14.94, 14.94, 14.94, 14.94, 14.94, 14.94, 14.94, 14.94, 14.94, 14.94, 14.94, 14.94, 14.94, 14.94, 14.94, 14.94, 14.94, 14.94
"MAGALLO",2.10, 2.10, 2.10, 2.10, 2.10, 2.10, 2.10, 2.10, 2.10, 2.10, 2.10, 2.10, 2.10, 2.10, 2.10, 2.10, 2.10, 2.10, 2.10, 2.10, 2.10, 2.10, 2.10, 2.10
"MANANTIALES",2.00, 2.00, 2.00, 2.00, 2.00, 2.00, 2.00, 2.00, 2.00, 2.00, 2.00, 2.00, 2.00, 2.00, 2.00, 2.00, 2.00, 2.00, 2.00, 2.00, 2.00, 2.00, 2.00, 2.00
"MAYAGUEZ 1",16.80, 16.80, 16.80, 16.80, 16.80, 16.80, 16.80, 16.80, 16.80, 16.80, 16.80, 16.80, 16.80, 16.80, 16.80, 16.80, 16.80, 16.80, 16.80, 16.80, 16.80, 16.80, 16.80, 16.80
"MERILECTRICA 1",0.00, 0.00, 0.00, 0.00, 0.00, 0.00, 0.00, 0.00, 0.00, 0.00, 0.00, 0.00, 0.00, 0.00, 0.00, 0.00, 0.00, 0.00, 0.00, 0.00, 0.00, 0.00, 0.00, 0.00
"MIEL I",0.00, 0.00, 0.00, 0.00, 0.00, 0.00, 0.00, 0.00, 0.00, 0.00, 0.00, 0.00, 0.00, 0.00, 0.00, 0.00, 0.00, 0.00, 0.00, 0.00, 0.00, 0.00, 0.00, 0.00
"MINIGRANJA EL COPEY OCCIDENTE",0.00, 0.00, 0.00, 0.00, 0.00, 0.01, 0.30, 0.60, 0.60, 0.70, 0.70, 0.80, 0.70, 0.70, 0.70, 0.30, 0.10, 0.05, 0.00, 0.00, 0.00, 0.00, 0.00, 0.00
"MINIGRANJA EL JOROPO",0.00, 0.00, 0.00, 0.00, 0.00, 0.01, 0.30, 0.60, 0.60, 0.70, 0.70, 0.80, 0.70, 0.70, 0.70, 0.30, 0.10, 0.05, 0.00, 0.00, 0.00, 0.00, 0.00, 0.00
"MINIGRANJA EL MAPALE",0.00, 0.00, 0.00, 0.00, 0.00, 0.01, 0.30, 0.60, 0.60, 0.70, 0.70, 0.80, 0.70, 0.70, 0.70, 0.30, 0.10, 0.05, 0.00, 0.00, 0.00, 0.00, 0.00, 0.00
"MINIGRANJA EL MERENGUE",0.00, 0.00, 0.00, 0.00, 0.00, 0.01, 0.30, 0.60, 0.60, 0.70, 0.80, 0.90, 0.80, 0.70, 0.70, 0.30, 0.10, 0.05, 0.00, 0.00, 0.00, 0.00, 0.00, 0.00
"MINIGRANJA EL MOLINO",0.00, 0.00, 0.00, 0.00, 0.00, 0.01, 0.30, 0.60, 0.60, 0.70, 0.70, 0.80, 0.70, 0.70, 0.70, 0.30, 0.01, 0.05, 0.00, 0.00, 0.00, 0.00, 0.00, 0.00
"MINIGRANJA EL OLIMPO",0.00, 0.00, 0.00, 0.00, 0.00, 0.01, 0.30, 0.60, 0.60, 0.70, 0.70, 0.80, 0.70, 0.70, 0.70, 0.30, 0.10, 0.05, 0.00, 0.00, 0.00, 0.00, 0.00, 0.00
"MINIGRANJA EL SON",0.00, 0.00, 0.00, 0.00, 0.00, 0.01, 0.30, 0.60, 0.60, 0.70, 0.70, 0.80, 0.70, 0.70, 0.70, 0.30, 0.10, 0.05, 0.00, 0.00, 0.00, 0.00, 0.00, 0.00
"MINIGRANJA IBIRICO",0.00, 0.00, 0.00, 0.00, 0.00, 0.01, 0.30, 0.60, 0.60, 0.70, 0.70, 0.80, 0.70, 0.70, 0.70, 0.30, 0.10, 0.05, 0.00, 0.00, 0.00, 0.00, 0.00, 0.00
"MINIGRANJA LA CUMBIA",0.00, 0.00, 0.00, 0.00, 0.00, 0.01, 0.30, 0.60, 0.60, 0.70, 0.70, 0.80, 0.70, 0.70, 0.70, 0.30, 0.10, 0.05, 0.00, 0.00, 0.00, 0.00, 0.00, 0.00
"MINIGRANJA LA PAZ ESMERALDA",0.00, 0.00, 0.00, 0.00, 0.00, 0.01, 0.30, 0.60, 0.60, 0.70, 0.70, 0.80, 0.70, 0.70, 0.70, 0.30, 0.10, 0.05, 0.00, 0.00, 0.00, 0.00, 0.00, 0.00
"MINIGRANJA LA PAZ LEYENDA",0.00, 0.00, 0.00, 0.00, 0.00, 0.01, 0.30, 0.60, 0.60, 0.70, 0.70, 0.80, 0.70, 0.70, 0.70, 0.30, 0.01, 0.05, 0.00, 0.00, 0.00, 0.00, 0.00, 0.00
"MINIGRANJA LA PAZ VALLENATA",0.00, 0.00, 0.00, 0.00, 0.00, 0.01, 0.30, 0.60, 0.60, 0.70, 0.70, 0.80, 0.70, 0.70, 0.70, 0.30, 0.01, 0.05, 0.00, 0.00, 0.00, 0.00, 0.00, 0.00
"MINIGRANJA LA PAZ VERSO",0.00, 0.00, 0.00, 0.00, 0.00, 0.01, 0.30, 0.60, 0.60, 0.70, 0.70, 0.80, 0.70, 0.70, 0.70, 0.30, 0.10, 0.05, 0.00, 0.00, 0.00, 0.00, 0.00, 0.00
"MINIGRANJA LA PUYA",0.00, 0.00, 0.00, 0.00, 0.00, 0.01, 0.30, 0.60, 0.60, 0.70, 0.70, 0.80, 0.70, 0.70, 0.70, 0.30, 0.10, 0.05, 0.00, 0.00, 0.00, 0.00, 0.00, 0.00
"MINIGRANJA LA RESERVA",0.00, 0.00, 0.00, 0.00, 0.00, 0.01, 0.30, 0.60, 0.60, 0.70, 0.70, 0.80, 0.70, 0.70, 0.70, 0.30, 0.10, 0.05, 0.00, 0.00, 0.00, 0.00, 0.00, 0.00
"MINIGRANJA SAN DIEGO SUR",0.00, 0.00, 0.00, 0.00, 0.00, 0.01, 0.30, 0.60, 0.60, 0.70, 0.70, 0.80, 0.70, 0.70, 0.70, 0.30, 0.10, 0.05, 0.00, 0.00, 0.00, 0.00, 0.00, 0.00
"MINIGRANJA SAN PEDRO",0.00, 0.00, 0.00, 0.00, 0.00, 0.00, 0.14, 0.32, 0.32, 0.55, 0.64, 0.73, 0.82, 0.73, 0.64, 0.55, 0.32, 0.14, 0.00, 0.00, 0.00, 0.00, 0.00, 0.00
"MINIGRANJA VALENCIA ORIENTE I",0.00, 0.00, 0.00, 0.00, 0.00, 0.01, 0.30, 0.60, 0.60, 0.70, 0.70, 0.80, 0.70, 0.70, 0.70, 0.30, 0.10, 0.05, 0.00, 0.00, 0.00, 0.00, 0.00, 0.00
"MINIGRANJA VALENCIA ORIENTE II",0.00, 0.00, 0.00, 0.00, 0.00, 0.01, 0.30, 0.60, 0.60, 0.70, 0.70, 0.80, 0.70, 0.70, 0.70, 0.30, 0.10, 0.05, 0.00, 0.00, 0.00, 0.00, 0.00, 0.00
"MINIGRANJA VILLANUEVA",0.00, 0.00, 0.00, 0.00, 0.00, 0.01, 0.30, 0.60, 0.60, 0.70, 0.80, 0.90, 0.80, 0.70, 0.70, 0.30, 0.10, 0.05, 0.00, 0.00, 0.00, 0.00, 0.00, 0.00
"MIROLINDO",2.27, 2.27, 2.27, 2.27, 2.27, 2.27, 2.27, 2.27, 2.27, 2.27, 2.27, 2.27, 2.27, 2.27, 2.27, 2.27, 2.27, 2.27, 2.27, 2.27, 2.27, 2.27, 2.27, 2.27
"MONDOMO",0.48, 0.48, 0.46, 0.46, 0.46, 0.46, 0.46, 0.46, 0.45, 0.45, 0.46, 0.46, 0.43, 0.46, 0.44, 0.44, 0.43, 0.44, 0.44, 0.45, 0.46, 0.48, 0.48, 0.48
"MONTELIBANO",0.00, 0.00, 0.00, 0.00, 0.00, 0.00, 0.00, 2.00, 5.00, 7.00, 8.00, 7.00, 8.00, 6.00, 7.00, 5.00, 2.00, 0.00, 0.00, 0.00, 0.00, 0.00, 0.00, 0.00
"MORRO AZUL",7.00, 7.00, 7.00, 7.00, 7.00, 7.00, 7.00, 7.00, 7.00, 7.00, 7.00, 7.00, 7.00, 7.00, 7.00, 7.00, 7.00, 7.00, 7.00, 7.00, 7.00, 7.00, 7.00, 7.00
"MULATOS II",1.82, 1.82, 1.82, 1.82, 1.82, 1.82, 1.82, 1.82, 1.82, 1.82, 1.82, 1.82, 1.82, 1.82, 1.82, 1.82, 1.82, 1.82, 1.82, 1.82, 1.82, 1.82, 1.82, 1.82
"MUNICIPAL",0.50, 0.50, 0.50, 0.50, 0.50, 0.50, 0.50, 0.50, 0.50, 0.50, 0.50, 0.50, 0.50, 0.50, 0.50, 0.50, 0.50, 0.50, 0.50, 0.50, 0.50, 0.50, 0.50, 0.50
"NIMA",3.20, 3.20, 3.20, 3.20, 3.20, 3.20, 3.20, 3.20, 3.20, 3.20, 3.20, 3.20, 3.20, 3.20, 3.20, 3.20, 3.20, 3.20, 3.20, 3.20, 3.20, 3.20, 3.20, 3.20
"NIQUIA",15.00, 15.00, 15.00, 15.00, 15.00, 15.00, 15.00, 15.00, 15.00, 15.00, 15.00, 15.00, 15.00, 15.00, 15.00, 15.00, 15.00, 15.00, 15.00, 15.00, 15.00, 15.00, 15.00, 15.00
"NUEVO LIBARE",0.00, 0.00, 0.00, 0.00, 0.00, 0.00, 0.00, 0.00, 0.00, 0.00, 0.00, 0.00, 0.00, 0.00, 0.00, 0.00, 0.00, 0.00, 0.00, 0.00, 0.00, 0.00, 0.00, 0.00
"NUMBANA",0.00, 0.00, 0.00, 0.00, 0.00, 0.46, 2.00, 3.75, 5.38, 7.01, 7.93, 8.04, 7.46, 6.29, 4.67, 2.62, 0.63, 0.00, 0.00, 0.00, 0.00, 0.00, 0.00, 0.00
"NUTIBARA",0.00, 0.00, 0.00, 0.00, 0.00, 0.00, 0.00, 0.00, 0.00, 0.00, 0.00, 0.00, 0.00, 0.00, 0.00, 0.00, 0.00, 0.00, 0.00, 0.00, 0.00, 0.00, 0.00, 0.00
"OIBITA",14.00, 14.00, 14.00, 14.00, 14.00, 14.00, 14.00, 14.00, 14.00, 14.00, 14.00, 14.00, 14.00, 14.00, 14.00, 14.00, 14.00, 14.00, 14.00, 14.00, 14.00, 14.00, 14.00, 14.00
"OVEJAS",0.79, 0.77, 0.77, 0.77, 0.76, 0.77, 0.75, 0.71, 0.70, 0.72, 0.73, 0.78, 0.77, 0.76, 0.77, 0.76, 0.77, 0.77, 0.79, 0.79, 0.80, 0.79, 0.79, 0.78
"PAGUA",600.00, 600.00, 600.00, 600.00, 600.00, 600.00, 600.00, 600.00, 600.00, 600.00, 600.00, 600.00, 600.00, 600.00, 600.00, 600.00, 600.00, 600.00, 600.00, 600.00, 600.00, 600.00, 600.00, 600.00
"PAIPA 1",0.00, 0.00, 0.00, 0.00, 0.00, 0.00, 0.00, 0.00, 0.00, 0.00, 0.00, 0.00, 0.00, 0.00, 0.00, 0.00, 0.00, 0.00, 0.00, 0.00, 0.00, 0.00, 0.00, 0.00
"PAIPA 2",72.00, 72.00, 72.00, 72.00, 72.00, 72.00, 72.00, 72.00, 72.00, 45.67, 72.00, 72.00, 72.00, 72.00, 72.00, 72.00, 72.00, 72.00, 72.00, 72.00, 72.00, 72.00, 72.00, 72.00
"PAIPA 3",70.00, 70.00, 70.00, 70.00, 70.00, 70.00, 70.00, 70.00, 16.19, 1.00, 70.00, 70.00, 70.00, 70.00, 70.00, 70.00, 70.00, 70.00, 70.00, 70.00, 70.00, 70.00, 70.00, 70.00
"PAIPA 4",0.00, 0.00, 0.00, 0.00, 0.00, 0.00, 0.00, 0.00, 0.00, 0.00, 0.00, 0.00, 0.00, 0.00, 0.00, 0.00, 0.00, 0.00, 0.00, 0.00, 0.00, 0.00, 0.00, 0.00
"PAJARITO",8.20, 8.20, 8.20, 8.20, 8.20, 8.20, 8.20, 8.20, 8.20, 8.20, 8.20, 8.20, 8.20, 8.20, 8.20, 8.20, 8.20, 8.20, 8.20, 8.20, 8.20, 8.20, 8.20, 8.20
"PALMAS SAN GIL",4.50, 4.50, 4.50, 4.50, 4.50, 4.50, 4.50, 4.50, 4.50, 4.50, 4.50, 4.50, 4.50, 4.50, 4.50, 4.50, 4.50, 4.50, 4.50, 4.50, 4.50, 4.50, 4.50, 4.50
"PAPELES NACIONALES",0.00, 0.00, 0.00, 0.00, 0.00, 0.00, 0.00, 0.00, 0.00, 0.00, 0.00, 0.00, 0.00, 0.00, 0.00, 0.00, 0.00, 0.00, 0.00, 0.00, 0.00, 0.00, 0.00, 0.00
"PARQUE EOLICO CARRETO",0.00, 0.00, 0.00, 0.00, 0.00, 0.00, 0.00, 0.00, 0.00, 0.00, 0.00, 1.00, 1.00, 1.00, 2.00, 2.00, 2.00, 2.00, 1.00, 0.00, 0.00, 0.00, 0.00, 0.00
"PARQUE EOLICO GUAJIRA I",16.79, 15.82, 15.28, 14.91, 14.81, 14.21, 12.99, 13.16, 14.04, 16.52, 17.49, 18.14, 18.75, 19.16, 18.89, 19.34, 19.37, 19.44, 19.38, 0.00, 0.00, 0.00, 0.00, 0.00
"PARQUE EOLICO WESP01",12.00, 12.00, 12.00, 11.80, 11.83, 11.69, 11.56, 11.31, 11.05, 11.52, 11.72, 11.66, 11.37, 11.35, 11.65, 11.82, 11.61, 11.62, 12.00, 0.00, 0.00, 0.00, 0.00, 0.00
"PARQUE SOLAR ARENAL",0.00, 0.00, 0.00, 0.00, 0.00, 0.00, 0.00, 0.40, 1.10, 1.40, 1.50, 1.50, 1.50, 1.30, 1.10, 0.90, 0.40, 0.10, 0.00, 0.00, 0.00, 0.00, 0.00, 0.00
"PARQUE SOLAR BARANOA",0.00, 0.00, 0.00, 0.00, 0.00, 0.00, 2.00, 3.00, 5.00, 6.00, 7.00, 7.00, 7.00, 6.00, 5.00, 3.00, 2.00, 0.00, 0.00, 0.00, 0.00, 0.00, 0.00, 0.00
"PARQUE SOLAR BUGAMBILES",0.00, 0.00, 0.00, 0.00, 0.00, 0.00, 1.00, 1.00, 2.00, 2.00, 3.00, 3.00, 3.00, 2.00, 2.00, 1.00, 1.00, 0.00, 0.00, 0.00, 0.00, 0.00, 0.00, 0.00
"PARQUE SOLAR DINAMARCA",0.00, 0.00, 0.00, 0.00, 0.00, 0.01, 0.03, 0.24, 0.36, 0.51, 0.63, 0.54, 0.61, 0.20, 0.10, 0.00, 0.00, 0.00, 0.00, 0.00, 0.00, 0.00, 0.00, 0.00
"PARQUE SOLAR EL JARDIN",0.00, 0.00, 0.00, 0.00, 0.00, 0.01, 0.03, 0.24, 0.36, 0.51, 0.63, 0.54, 0.61, 0.20, 0.10, 0.00, 0.00, 0.00, 0.00, 0.00, 0.00, 0.00, 0.00, 0.00
"PARQUE SOLAR HATO GRANDE",0.00, 0.00, 0.00, 0.00, 0.00, 0.01, 0.03, 0.24, 0.36, 0.51, 0.63, 0.54, 0.61, 0.20, 0.10, 0.00, 0.00, 0.00, 0.00, 0.00, 0.00, 0.00, 0.00, 0.00
"PARQUE SOLAR HONDA I",0.00, 0.00, 0.00, 0.00, 0.00, 0.00, 1.00, 2.00, 4.00, 5.00, 9.00, 9.00, 9.00, 9.00, 8.00, 6.00, 4.00, 2.00, 1.00, 0.00, 0.00, 0.00, 0.00, 0.00
"PARQUE SOLAR HONDA II",0.00, 0.00, 0.00, 0.00, 0.00, 0.00, 1.00, 2.00, 3.00, 4.00, 6.00, 9.00, 9.00, 9.00, 6.00, 6.00, 5.00, 2.00, 1.00, 0.00, 0.00, 0.00, 0.00, 0.00
"PARQUE SOLAR INTI I",0.00, 0.00, 0.00, 0.00, 0.00, 0.00, 0.30, 1.60, 4.30, 6.50, 6.80, 7.20, 7.10, 6.90, 6.10, 4.00, 2.50, 0.90, 0.00, 0.00, 0.00, 0.00, 0.00, 0.00
"PARQUE SOLAR LA MENA",0.00, 0.00, 0.00, 0.00, 0.00, 0.01, 0.03, 0.24, 0.36, 0.51, 0.63, 0.54, 0.61, 0.20, 0.10, 0.00, 0.00, 0.00, 0.00, 0.00, 0.00, 0.00, 0.00, 0.00
"PARQUE SOLAR LA UNION",0.00, 0.00, 0.00, 0.00, 0.00, 0.00, 24.00, 68.00, 99.00, 100.00, 100.00, 100.00, 100.00, 100.00, 100.00, 100.00, 78.00, 27.00, 0.00, 0.00, 0.00, 0.00, 0.00, 0.00
"PARQUE SOLAR NISPEROS",0.00, 0.00, 0.00, 0.00, 0.00, 0.00, 2.00, 3.00, 5.00, 6.00, 7.00, 7.00, 7.00, 6.00, 5.00, 3.00, 1.00, 0.00, 0.00, 0.00, 0.00, 0.00, 0.00, 0.00
"PARQUE SOLAR PUERTA DE ORO",0.00, 0.00, 0.00, 0.00, 0.00, 0.00, 19.00, 55.00, 120.00, 211.00, 242.00, 266.00, 256.00, 258.00, 195.00, 156.00, 78.00, 10.00, 0.00, 0.00, 0.00, 0.00, 0.00, 0.00
"PARQUE SOLAR SABANA",0.00, 0.00, 0.00, 0.00, 0.00, 1.00, 6.00, 8.00, 9.00, 9.00, 9.00, 9.00, 9.00, 9.00, 8.00, 6.00, 1.00, 0.00, 0.00, 0.00, 0.00, 0.00, 0.00, 0.00
"PARQUE SOLAR TEPUY",0.00, 0.00, 0.00, 0.00, 0.00, 0.00, 3.00, 18.00, 43.00, 63.00, 67.00, 72.00, 76.00, 71.00, 63.00, 40.00, 24.00, 4.00, 0.00, 0.00, 0.00, 0.00, 0.00, 0.00
"PARQUE SOLAR URRA",0.00, 0.00, 0.00, 0.00, 0.00, 0.00, 0.00, 0.00, 0.00, 0.00, 0.00, 0.00, 0.00, 0.00, 0.00, 0.00, 0.00, 0.00, 0.00, 0.00, 0.00, 0.00, 0.00, 0.00
"PARQUE SOLAR VERSALLES",0.00, 0.00, 0.00, 0.00, 0.00, 0.01, 0.03, 0.24, 0.36, 0.51, 0.63, 0.54, 0.61, 0.20, 0.10, 0.00, 0.00, 0.00, 0.00, 0.00, 0.00, 0.00, 0.00, 0.00
"PASTALES",0.58, 0.58, 0.58, 0.58, 0.58, 0.58, 0.58, 0.58, 0.58, 0.58, 0.58, 0.58, 0.58, 0.58, 0.58, 0.58, 0.58, 0.58, 0.58, 0.58, 0.58, 0.58, 0.58, 0.58
"PATICO - LA CABRERA",1.36, 1.31, 1.26, 1.11, 1.28, 1.28, 1.27, 1.07, 1.30, 1.22, 1.28, 1.23, 1.26, 1.25, 1.35, 1.06, 1.25, 1.35, 1.35, 1.34, 1.33, 1.33, 1.33, 1.33
"PCH LA LIBERTAD",0.21, 0.21, 0.21, 0.21, 0.21, 0.21, 0.21, 0.21, 0.21, 0.21, 0.21, 0.21, 0.21, 0.21, 0.21, 0.21, 0.21, 0.21, 0.21, 0.21, 0.21, 0.21, 0.21, 0.21
"PCH LA NOQUE",5.00, 5.00, 5.00, 5.00, 5.00, 5.00, 5.00, 5.00, 5.00, 5.00, 5.00, 5.00, 5.00, 5.00, 5.00, 5.00, 5.00, 5.00, 5.00, 5.00, 5.00, 5.00, 5.00, 5.00
"PETALO DE CORDOBA II",0.00, 0.00, 0.00, 0.00, 0.00, 0.00, 0.19, 2.41, 5.37, 7.69, 8.08, 7.49, 6.88, 7.33, 6.22, 5.90, 4.43, 1.05, 0.00, 0.00, 0.00, 0.00, 0.00, 0.00
"PETALO DEL MAGDALENA",0.00, 0.00, 0.00, 0.00, 0.00, 0.00, 1.00, 4.00, 8.00, 9.00, 9.00, 9.00, 8.00, 9.00, 6.00, 7.00, 2.00, 0.00, 0.00, 0.00, 0.00, 0.00, 0.00, 0.00
"PETALO DEL NORTE DE SANTANDER I",0.00, 0.00, 0.00, 0.00, 0.00, 0.00, 1.89, 4.77, 8.94, 12.76, 16.05, 17.79, 16.05, 13.62, 10.58, 7.52, 4.31, 1.19, 0.00, 0.00, 0.00, 0.00, 0.00, 0.00
"PLANTA FV DONA JUANA",0.00, 0.00, 0.00, 0.00, 0.00, 0.09, 1.10, 3.20, 4.20, 3.80, 4.30, 3.90, 3.90, 4.20, 2.70, 1.30, 0.50, 0.01, 0.00, 0.00, 0.00, 0.00, 0.00, 0.00
"PLANTA SOLAR BAYUNCA I",0.00, 0.00, 0.00, 0.00, 0.00, 0.10, 0.70, 1.60, 2.10, 2.20, 2.10, 2.40, 2.40, 2.20, 1.80, 1.00, 0.30, 0.00, 0.00, 0.00, 0.00, 0.00, 0.00, 0.00
"PLANTA SOLAR SAN FRANCISCO",0.00, 0.00, 0.00, 0.00, 0.00, 0.00, 0.00, 0.00, 0.00, 0.00, 0.00, 0.00, 0.00, 0.00, 0.00, 0.00, 0.00, 0.00, 0.00, 0.00, 0.00, 0.00, 0.00, 0.00
"PLAYAS",0.00, 0.00, 0.00, 0.00, 0.00, 0.00, 0.00, 0.00, 0.00, 0.00, 0.00, 0.00, 0.00, 0.00, 0.00, 0.00, 0.00, 0.00, 207.00, 207.00, 207.00, 0.00, 0.00, 0.00
"POCUNE",1.00, 1.00, 1.00, 1.00, 1.00, 1.00, 1.00, 1.00, 1.00, 1.00, 1.00, 1.00, 1.00, 1.00, 1.00, 1.00, 1.00, 1.00, 1.00, 1.00, 1.00, 1.00, 1.00, 1.00
"POLARIS I",0.00, 0.00, 0.00, 0.00, 0.00, 0.01, 0.30, 0.60, 0.60, 0.70, 0.70, 0.80, 0.70, 0.70, 0.70, 0.30, 0.10, 0.05, 0.00, 0.00, 0.00, 0.00, 0.00, 0.00
"PORCE II",0.00, 0.00, 0.00, 0.00, 0.00, 0.00, 0.00, 0.00, 0.00, 0.00, 0.00, 0.00, 0.00, 0.00, 0.00, 0.00, 0.00, 0.00, 216.47, 306.64, 95.58, 0.00, 0.00, 0.00
"PORCE III",676.00, 676.00, 676.00, 676.00, 676.00, 676.00, 676.00, 676.00, 676.00, 676.00, 676.00, 676.00, 676.00, 676.00, 676.00, 676.00, 676.00, 676.00, 676.00, 676.00, 676.00, 676.00, 676.00, 676.00
"PORCE III MENOR",1.50, 1.50, 1.50, 1.50, 1.50, 1.50, 1.50, 1.50, 1.50, 1.50, 1.50, 1.50, 1.50, 1.50, 1.50, 1.50, 1.50, 1.50, 1.50, 1.50, 1.50, 1.50, 1.50, 1.50
"PORTON DEL SOL",0.00, 0.00, 0.00, 0.00, 0.00, 0.00, 0.00, 7.00, 50.00, 67.00, 84.00, 93.00, 85.00, 86.00, 70.00, 39.00, 7.00, 0.00, 0.00, 0.00, 0.00, 0.00, 0.00, 0.00
"PRADO",0.00, 0.00, 0.00, 0.00, 0.00, 0.00, 0.00, 0.00, 0.00, 0.00, 0.00, 0.00, 0.00, 0.00, 0.00, 0.00, 0.00, 0.00, 0.00, 0.00, 0.00, 0.00, 0.00, 0.00
"PRADO IV",5.00, 5.00, 5.00, 5.00, 5.00, 5.00, 5.00, 5.00, 5.00, 5.00, 5.00, 5.00, 5.00, 5.00, 5.00, 5.00, 5.00, 5.00, 5.00, 5.00, 5.00, 5.00, 5.00, 5.00
"PROELECTRICA 1",0.00, 0.00, 0.00, 0.00, 0.00, 0.00, 0.00, 0.00, 0.00, 0.00, 0.00, 0.00, 0.00, 0.00, 0.00, 0.00, 0.00, 0.00, 0.00, 0.00, 0.00, 0.00, 0.00, 0.00
"PROELECTRICA 2",0.00, 0.00, 0.00, 0.00, 0.00, 0.00, 0.00, 0.00, 0.00, 0.00, 0.00, 0.00, 0.00, 0.00, 0.00, 0.00, 0.00, 0.00, 0.00, 0.00, 0.00, 0.00, 0.00, 0.00
"PROENCA II",0.00, 0.00, 0.00, 0.00, 0.00, 0.00, 0.00, 0.00, 0.00, 0.00, 0.00, 0.00, 0.00, 0.00, 0.00, 0.00, 0.00, 0.00, 0.00, 0.00, 0.00, 0.00, 0.00, 0.00
"PROVIDENCIA",3.47, 3.47, 3.47, 3.47, 3.47, 3.47, 3.71, 2.87, 2.87, 2.87, 3.96, 2.87, 4.90, 4.90, 4.90, 4.72, 2.87, 3.47, 3.47, 3.47, 3.47, 3.47, 3.47, 3.47
"PUENTE GUILLERMO",2.00, 2.00, 2.00, 2.00, 2.00, 2.00, 2.00, 2.00, 2.00, 2.00, 2.00, 2.00, 2.00, 2.00, 2.00, 2.00, 2.00, 2.00, 2.00, 2.00, 2.00, 2.00, 2.00, 2.00
"REMEDIOS",0.29, 0.29, 0.29, 0.29, 0.29, 0.29, 0.29, 0.29, 0.29, 0.29, 0.29, 0.29, 0.29, 0.29, 0.29, 0.29, 0.29, 0.29, 0.29, 0.29, 0.29, 0.29, 0.29, 0.29
"RIO BOBO",3.60, 3.60, 3.60, 3.60, 3.60, 3.60, 3.60, 3.60, 3.60, 3.60, 3.60, 3.60, 3.60, 3.60, 3.60, 3.60, 3.60, 3.60, 3.60, 3.60, 3.60, 3.60, 3.60, 3.60
"RIO CALI",1.00, 1.00, 1.00, 1.00, 1.00, 1.00, 1.00, 1.00, 1.00, 1.00, 1.00, 1.00, 1.00, 1.00, 1.00, 1.00, 1.00, 1.00, 1.00, 1.00, 1.00, 1.00, 1.00, 1.00
"RIO FRIO I",0.70, 0.70, 0.70, 0.70, 0.70, 0.70, 0.70, 0.70, 0.70, 0.70, 0.70, 0.70, 0.70, 0.70, 0.70, 0.70, 0.70, 0.70, 0.70, 0.70, 0.70, 0.70, 0.70, 0.70
"RIO FRIO II",5.00, 5.00, 5.00, 5.00, 5.00, 6.00, 6.00, 6.00, 6.00, 6.00, 5.00, 5.00, 5.00, 5.00, 5.00, 5.00, 5.00, 5.00, 6.00, 7.00, 7.00, 7.00, 6.00, 6.00
"RIO GRANDE",0.00, 0.00, 0.00, 0.00, 0.00, 0.00, 0.00, 0.00, 0.00, 0.00, 0.00, 0.00, 0.00, 0.00, 0.00, 0.00, 0.00, 0.00, 0.00, 0.00, 0.00, 0.00, 0.00, 0.00
"RIO MAYO",13.20, 13.20, 13.20, 13.20, 13.20, 19.20, 19.80, 19.80, 19.80, 19.80, 19.80, 19.20, 13.20, 13.20, 13.20, 13.20, 13.20, 13.20, 19.20, 19.80, 19.80, 19.80, 19.80, 19.20
"RIO PALO",1.03, 1.03, 1.01, 1.00, 1.02, 1.01, 1.00, 1.03, 0.97, 0.95, 0.98, 0.99, 0.98, 1.06, 1.07, 1.06, 1.04, 0.98, 1.01, 1.00, 1.03, 1.04, 1.04, 1.04
"RIO PIEDRAS",10.00, 10.00, 10.00, 10.00, 10.00, 10.00, 10.00, 10.00, 10.00, 10.00, 10.00, 10.00, 10.00, 10.00, 10.00, 10.00, 10.00, 10.00, 10.00, 10.00, 10.00, 10.00, 10.00, 10.00
"RIO RECIO",0.48, 0.48, 0.48, 0.48, 0.48, 0.48, 0.48, 0.48, 0.48, 0.48, 0.48, 0.48, 0.48, 0.48, 0.48, 0.48, 0.48, 0.48, 0.48, 0.48, 0.48, 0.48, 0.48, 0.48
"RIO SAPUYES",1.40, 1.40, 1.40, 1.40, 1.40, 1.40, 1.40, 1.40, 1.40, 1.40, 1.40, 1.40, 1.40, 1.40, 1.40, 1.40, 1.40, 1.40, 1.40, 1.40, 1.40, 1.40, 1.40, 1.40
"RIOFRIO (TAMESIS)",0.78, 0.78, 0.78, 0.78, 0.78, 0.78, 0.78, 0.78, 0.78, 0.78, 0.78, 0.78, 0.78, 0.78, 0.78, 0.78, 0.78, 0.78, 0.78, 0.78, 0.78, 0.78, 0.78, 0.78
"RIOGRANDE I",0.00, 0.00, 0.00, 0.00, 0.00, 0.00, 0.00, 0.00, 0.00, 0.00, 0.00, 0.00, 0.00, 0.00, 0.00, 0.00, 0.00, 0.00, 0.00, 0.00, 0.00, 0.00, 0.00, 0.00
"RIONEGRO",9.00, 9.00, 9.00, 9.00, 8.00, 8.00, 8.00, 7.00, 7.00, 8.00, 9.00, 8.00, 8.00, 9.00, 9.00, 9.00, 9.00, 9.00, 8.00, 9.00, 9.00, 9.00, 9.00, 9.00
"ROKRA",0.00, 0.00, 0.00, 0.00, 0.00, 0.01, 0.42, 1.83, 3.77, 5.63, 6.74, 7.82, 8.08, 7.27, 6.16, 4.62, 2.46, 0.51, 0.00, 0.00, 0.00, 0.00, 0.00, 0.00
"ROVIRA",0.00, 0.00, 0.00, 0.00, 0.00, 0.32, 1.60, 2.24, 2.70, 3.00, 3.10, 3.10, 2.50, 2.17, 2.00, 1.26, 0.21, 0.14, 0.00, 0.00, 0.00, 0.00, 0.00, 0.00
"RUMOR",1.20, 1.20, 1.20, 1.20, 1.20, 1.20, 1.20, 1.20, 1.20, 1.20, 1.20, 1.20, 1.20, 1.20, 1.20, 1.20, 1.20, 1.20, 1.20, 1.20, 1.20, 1.20, 1.20, 1.20
"SAJANDI",2.46, 2.46, 2.40, 2.08, 2.43, 2.45, 2.45, 2.47, 2.47, 2.46, 2.52, 2.36, 2.59, 2.54, 2.14, 2.48, 2.48, 2.01, 2.46, 2.44, 2.44, 2.43, 2.29, 2.28
"SALTO II",35.00, 35.00, 35.00, 35.00, 35.00, 35.00, 35.00, 35.00, 35.00, 35.00, 35.00, 35.00, 35.00, 35.00, 35.00, 35.00, 35.00, 35.00, 35.00, 35.00, 35.00, 35.00, 35.00, 35.00
"SALVAJINA",0.00, 0.00, 0.00, 0.00, 0.00, 0.00, 0.00, 0.00, 0.00, 0.00, 0.00, 0.00, 0.00, 0.00, 0.00, 0.00, 0.00, 0.00, 0.00, 0.00, 0.00, 0.00, 0.00, 0.00
"SAN ANDRES DE CUERQUIA",10.00, 10.00, 10.00, 10.00, 10.00, 10.00, 10.00, 10.00, 10.00, 10.00, 10.00, 10.00, 10.00, 10.00, 10.00, 10.00, 10.00, 10.00, 10.00, 10.00, 10.00, 10.00, 10.00, 10.00
"SAN BARTOLOME",14.00, 14.00, 14.00, 14.00, 14.00, 14.00, 14.00, 14.00, 14.00, 14.00, 14.00, 14.00, 14.00, 14.00, 14.00, 14.00, 14.00, 14.00, 14.00, 14.00, 14.00, 14.00, 14.00, 14.00
"SAN CANCIO",0.60, 0.60, 0.60, 0.60, 0.60, 0.60, 0.60, 0.60, 0.60, 0.60, 0.60, 0.60, 0.60, 0.60, 0.60, 0.60, 0.60, 0.60, 0.60, 0.60, 0.60, 0.60, 0.60, 0.60
"SAN CARLOS",1240.00, 1036.93, 783.17, 630.46, 611.90, 634.04, 320.40, 0.00, 0.00, 0.00, 0.00, 0.00, 0.00, 0.00, 221.93, 675.53, 1240.00, 1240.00, 1240.00, 1240.00, 1240.00, 1240.00, 1240.00, 1240.00
"SAN FRANCISCO",0.00, 0.00, 0.00, 0.00, 0.00, 0.00, 0.00, 90.00, 90.00, 90.00, 0.00, 0.00, 0.00, 0.00, 0.00, 0.00, 0.00, 0.00, 90.00, 90.00, 90.00, 0.00, 0.00, 0.00
"SAN FRANCISCO (PUTUMAYO)",0.35, 0.35, 0.35, 0.35, 0.35, 0.35, 0.35, 0.35, 0.35, 0.35, 0.35, 0.35, 0.35, 0.35, 0.35, 0.35, 0.35, 0.35, 0.35, 0.35, 0.35, 0.35, 0.35, 0.35
"SAN JOSE",0.00, 0.00, 0.00, 0.00, 0.00, 0.00, 0.00, 0.00, 0.00, 0.00, 0.00, 0.00, 0.00, 0.00, 0.00, 0.00, 0.00, 0.00, 0.00, 0.00, 0.00, 0.00, 0.00, 0.00
"SAN JOSE DE LA MONTAÑA",0.28, 0.28, 0.28, 0.28, 0.28, 0.28, 0.28, 0.28, 0.28, 0.28, 0.28, 0.28, 0.28, 0.28, 0.28, 0.28, 0.28, 0.28, 0.28, 0.28, 0.28, 0.28, 0.28, 0.28
"SAN JOSE DE LA MONTAÑA II",0.00, 0.00, 0.00, 0.00, 0.00, 0.00, 0.00, 0.00, 0.00, 0.00, 0.00, 0.00, 0.00, 0.00, 0.00, 0.00, 0.00, 0.00, 0.00, 0.00, 0.00, 0.00, 0.00, 0.00
"SAN MATIAS",11.52, 11.52, 11.52, 11.52, 11.52, 11.52, 11.52, 11.52, 11.52, 11.52, 11.52, 11.52, 11.52, 11.52, 11.52, 11.52, 11.52, 11.52, 11.52, 11.52, 11.52, 11.52, 11.52, 11.52
"SAN MIGUEL",25.00, 25.00, 25.00, 25.00, 25.00, 25.00, 25.00, 25.00, 25.00, 25.00, 25.00, 25.00, 25.00, 25.00, 25.00, 25.00, 25.00, 25.00, 25.00, 25.00, 25.00, 25.00, 25.00, 25.00
"SAN ONOFRE",0.00, 0.00, 0.00, 0.00, 0.00, 0.01, 0.30, 0.60, 0.60, 0.70, 0.70, 0.80, 0.70, 0.70, 0.70, 0.30, 0.10, 0.05, 0.00, 0.00, 0.00, 0.00, 0.00, 0.00
"SANTA ANA",4.30, 4.30, 4.30, 4.30, 4.30, 4.30, 4.30, 4.30, 4.30, 4.30, 4.30, 4.30, 4.30, 4.30, 4.30, 4.30, 4.30, 4.30, 4.30, 4.30, 4.30, 4.30, 4.30, 4.30
"SANTA RITA",0.48, 0.48, 0.48, 0.48, 0.48, 0.48, 0.48, 0.48, 0.48, 0.48, 0.48, 0.48, 0.48, 0.48, 0.48, 0.48, 0.48, 0.48, 0.48, 0.48, 0.48, 0.48, 0.48, 0.48
"SANTIAGO",0.85, 0.85, 0.85, 0.85, 0.85, 0.85, 0.85, 0.85, 0.85, 0.85, 0.85, 0.85, 0.85, 0.85, 0.85, 0.85, 0.85, 0.85, 0.85, 0.85, 0.85, 0.85, 0.85, 0.85
"SHANGRI LA",0.00, 0.00, 0.00, 0.00, 0.00, 0.00, 10.00, 41.00, 73.00, 94.00, 112.00, 122.00, 125.00, 122.00, 114.00, 97.00, 50.00, 7.00, 0.00, 0.00, 0.00, 0.00, 0.00, 0.00
"SILVIA",0.32, 0.32, 0.32, 0.32, 0.32, 0.32, 0.32, 0.32, 0.31, 0.31, 0.30, 0.29, 0.30, 0.30, 0.31, 0.30, 0.31, 0.30, 0.31, 0.32, 0.32, 0.32, 0.32, 0.32
"SINCE",0.00, 0.00, 0.00, 0.00, 0.00, 0.00, 2.00, 8.00, 14.00, 14.00, 15.00, 12.00, 13.00, 13.00, 15.00, 3.00, 1.00, 1.00, 0.00, 0.00, 0.00, 0.00, 0.00, 0.00
"SOGAMOSO",89.99, 0.00, 0.00, 0.00, 0.00, 0.00, 0.00, 0.00, 0.00, 0.00, 0.00, 0.00, 0.00, 0.00, 0.00, 0.00, 52.27, 681.46, 819.00, 819.00, 819.00, 819.00, 519.82, 83.47
"SOL DE ZAWADY",0.00, 0.00, 0.00, 0.00, 0.00, 0.00, 2.60, 7.97, 9.28, 9.88, 9.90, 9.90, 9.90, 9.90, 9.90, 9.33, 8.29, 2.86, 0.00, 0.00, 0.00, 0.00, 0.00, 0.00
"SOL Y CIELO I",0.00, 0.00, 0.00, 0.00, 0.00, 0.00, 0.15, 1.29, 3.02, 4.30, 5.20, 5.30, 5.72, 5.43, 4.69, 3.77, 1.99, 0.45, 0.00, 0.00, 0.00, 0.00, 0.00, 0.00
"SOL Y CIELO II",0.00, 0.00, 0.00, 0.00, 0.00, 0.00, 0.01, 0.14, 0.32, 0.46, 0.56, 0.59, 0.61, 0.58, 0.50, 0.40, 0.21, 0.05, 0.00, 0.00, 0.00, 0.00, 0.00, 0.00
"SOL Y CIELO III",0.00, 0.00, 0.00, 0.00, 0.00, 0.00, 0.01, 0.10, 0.29, 0.43, 0.53, 0.52, 0.54, 0.55, 0.48, 0.35, 0.20, 0.04, 0.00, 0.00, 0.00, 0.00, 0.00, 0.00
"SOL Y CIELO IV",0.00, 0.00, 0.00, 0.00, 0.00, 0.00, 0.00, 0.10, 0.27, 0.40, 0.53, 0.54, 0.59, 0.58, 0.50, 0.38, 0.22, 0.04, 0.00, 0.00, 0.00, 0.00, 0.00, 0.00
"SOL Y CIELO V",0.00, 0.00, 0.00, 0.00, 0.00, 0.00, 0.01, 0.11, 0.29, 0.42, 0.50, 0.52, 0.51, 0.54, 0.46, 0.33, 0.19, 0.04, 0.00, 0.00, 0.00, 0.00, 0.00, 0.00
"SOL Y CIELO VI",0.00, 0.00, 0.00, 0.00, 0.00, 0.00, 0.01, 0.11, 0.29, 0.42, 0.49, 0.50, 0.50, 0.52, 0.45, 0.33, 0.19, 0.04, 0.00, 0.00, 0.00, 0.00, 0.00, 0.00
"SOL Y CIELO VII",0.00, 0.00, 0.00, 0.00, 0.00, 0.01, 0.30, 0.60, 0.60, 0.70, 0.80, 0.90, 0.80, 0.70, 0.70, 0.30, 0.10, 0.05, 0.00, 0.00, 0.00, 0.00, 0.00, 0.00
"SOLAR ALEJANDRIA",0.00, 0.00, 0.00, 0.00, 0.00, 0.01, 0.03, 0.24, 0.36, 0.51, 0.63, 0.54, 0.61, 0.20, 0.10, 0.00, 0.00, 0.00, 0.00, 0.00, 0.00, 0.00, 0.00, 0.00
"SOLAR ARDOBELA I",0.00, 0.00, 0.00, 0.00, 0.00, 0.00, 1.00, 2.00, 4.00, 5.00, 6.00, 7.00, 7.00, 6.00, 5.00, 4.00, 2.00, 1.00, 0.00, 0.00, 0.00, 0.00, 0.00, 0.00
"SOLAR ARDOBELA II",0.00, 0.00, 0.00, 0.00, 0.00, 0.00, 1.00, 2.00, 4.00, 5.00, 6.00, 7.00, 7.00, 6.00, 5.00, 4.00, 2.00, 1.00, 0.00, 0.00, 0.00, 0.00, 0.00, 0.00
"SOLAR OLD T",0.00, 0.00, 0.00, 0.00, 0.00, 0.00, 0.62, 3.12, 7.48, 8.73, 8.73, 8.73, 8.11, 7.48, 5.61, 2.49, 1.25, 0.00, 0.00, 0.00, 0.00, 0.00, 0.00, 0.00
"SOLAR PALMASECA I",0.00, 0.00, 0.00, 0.00, 0.00, 0.00, 0.00, 1.00, 3.00, 5.00, 9.00, 6.00, 6.00, 5.00, 7.00, 5.00, 3.00, 0.00, 0.00, 0.00, 0.00, 0.00, 0.00, 0.00
"SOLAR PALMASECA II",0.00, 0.00, 0.00, 0.00, 0.00, 0.00, 0.00, 1.00, 2.00, 4.00, 6.00, 5.00, 5.00, 4.00, 5.00, 4.00, 2.00, 0.00, 0.00, 0.00, 0.00, 0.00, 0.00, 0.00
"SOLAR PLANETA RICA",0.00, 0.00, 0.00, 0.00, 0.00, 0.00, 0.00, 0.00, 0.00, 0.00, 0.00, 0.00, 0.00, 0.00, 0.00, 0.00, 0.00, 0.00, 0.00, 0.00, 0.00, 0.00, 0.00, 0.00
"SOLAR PN I",0.00, 0.00, 0.00, 0.00, 0.00, 0.00, 0.67, 3.34, 8.01, 9.34, 9.34, 9.34, 8.67, 8.01, 6.00, 2.67, 1.33, 0.00, 0.00, 0.00, 0.00, 0.00, 0.00, 0.00
"SONSON",7.50, 7.50, 7.50, 7.50, 7.50, 7.50, 7.50, 7.50, 7.50, 7.50, 7.50, 7.50, 7.50, 7.50, 7.50, 7.50, 7.50, 7.50, 7.50, 7.50, 7.50, 7.50, 7.50, 7.50
"SUBA",1.90, 1.90, 1.90, 1.90, 1.90, 1.90, 1.90, 1.90, 1.90, 1.90, 1.90, 1.90, 1.90, 1.90, 1.90, 1.90, 1.90, 1.90, 1.90, 1.90, 1.90, 1.90, 1.90, 1.90
"SUEVA 2",6.00, 6.00, 6.00, 6.00, 6.00, 6.00, 6.00, 6.00, 6.00, 6.00, 6.00, 6.00, 6.00, 6.00, 6.00, 6.00, 6.00, 6.00, 6.00, 6.00, 6.00, 6.00, 6.00, 6.00
"SUNNORTE",0.00, 0.00, 0.00, 0.00, 0.00, 0.00, 3.00, 11.00, 20.00, 25.00, 23.00, 21.00, 17.00, 15.00, 15.00, 10.00, 4.00, 1.00, 0.00, 0.00, 0.00, 0.00, 0.00, 0.00
"TASAJERO 1",165.00, 165.00, 165.00, 165.00, 165.00, 165.00, 165.00, 165.00, 165.00, 165.00, 165.00, 165.00, 165.00, 165.00, 165.00, 165.00, 165.00, 165.00, 165.00, 165.00, 165.00, 165.00, 165.00, 165.00
"TASAJERO 2",170.00, 170.00, 170.00, 170.00, 170.00, 170.00, 170.00, 170.00, 170.00, 170.00, 170.00, 170.00, 170.00, 170.00, 170.00, 170.00, 170.00, 170.00, 170.00, 170.00, 170.00, 170.00, 170.00, 170.00
"TEBSAB CC",0.00, 0.00, 0.00, 0.00, 0.00, 0.00, 0.00, 0.00, 0.00, 0.00, 0.00, 0.00, 0.00, 0.00, 0.00, 0.00, 0.00, 0.00, 0.00, 0.00, 0.00, 0.00, 0.00, 0.00
"TEQUENDAMA 1",0.00, 0.00, 0.00, 0.00, 0.00, 0.00, 0.00, 0.00, 0.00, 0.00, 0.00, 0.00, 0.00, 0.00, 0.00, 0.00, 0.00, 0.00, 0.00, 0.00, 0.00, 0.00, 0.00, 0.00
"TEQUENDAMA 2",11.00, 11.00, 11.00, 11.00, 11.00, 11.00, 11.00, 11.00, 11.00, 11.00, 11.00, 11.00, 11.00, 11.00, 11.00, 11.00, 11.00, 11.00, 11.00, 11.00, 11.00, 11.00, 11.00, 11.00
"TEQUENDAMA 3",11.40, 11.40, 11.40, 11.40, 11.40, 11.40, 11.40, 11.40, 11.40, 11.40, 11.40, 11.40, 11.40, 11.40, 11.40, 11.40, 11.40, 11.40, 11.40, 11.40, 11.40, 11.40, 11.40, 11.40
"TEQUENDAMA 4",0.00, 0.00, 0.00, 0.00, 0.00, 0.00, 0.00, 0.00, 0.00, 0.00, 0.00, 0.00, 0.00, 0.00, 0.00, 0.00, 0.00, 0.00, 0.00, 0.00, 0.00, 0.00, 0.00, 0.00
"TEQUENDAMA BIOGAS",0.00, 0.00, 0.00, 0.00, 0.00, 0.00, 0.00, 0.00, 0.00, 0.00, 0.00, 0.00, 0.00, 0.00, 0.00, 0.00, 0.00, 0.00, 0.00, 0.00, 0.00, 0.00, 0.00, 0.00
"TERMOBOLIVAR",0.00, 0.00, 0.00, 0.00, 0.00, 0.00, 0.00, 0.00, 0.00, 0.00, 0.00, 0.00, 0.00, 0.00, 0.00, 0.00, 0.00, 0.00, 0.00, 0.00, 0.00, 0.00, 0.00, 0.00
"TERMOCANDELARIA CC",0.00, 0.00, 0.00, 0.00, 0.00, 0.00, 0.00, 0.00, 0.00, 0.00, 0.00, 0.00, 0.00, 0.00, 0.00, 0.00, 0.00, 0.00, 0.00, 0.00, 0.00, 0.00, 0.00, 0.00
"TERMOCAPACHOS",0.00, 0.00, 0.00, 0.00, 0.00, 0.00, 0.00, 0.00, 0.00, 0.00, 0.00, 0.00, 0.00, 0.00, 0.00, 0.00, 0.00, 0.00, 0.00, 0.00, 0.00, 0.00, 0.00, 0.00
"TERMOCARIBE III",0.00, 0.00, 0.00, 0.00, 0.00, 0.00, 0.00, 0.00, 0.00, 0.00, 0.00, 0.00, 0.00, 0.00, 0.00, 0.00, 0.00, 0.00, 0.00, 0.00, 0.00, 0.00, 0.00, 0.00
"TERMOCENTRO CC",0.00, 0.00, 0.00, 0.00, 0.00, 0.00, 0.00, 0.00, 0.00, 0.00, 0.00, 0.00, 0.00, 0.00, 0.00, 0.00, 0.00, 0.00, 0.00, 0.00, 0.00, 0.00, 0.00, 0.00
"TERMODORADA 1",0.00, 0.00, 0.00, 0.00, 0.00, 0.00, 0.00, 0.00, 0.00, 0.00, 0.00, 0.00, 0.00, 0.00, 0.00, 0.00, 0.00, 0.00, 0.00, 0.00, 0.00, 0.00, 0.00, 0.00
"TERMOEMCALI CC",0.00, 0.00, 0.00, 0.00, 0.00, 0.00, 0.00, 0.00, 0.00, 0.00, 0.00, 0.00, 0.00, 0.00, 0.00, 0.00, 0.00, 0.00, 0.00, 0.00, 0.00, 0.00, 0.00, 0.00
"TERMOFENIX I",0.00, 0.00, 0.00, 0.00, 0.00, 0.00, 0.00, 0.00, 0.00, 0.00, 0.00, 0.00, 0.00, 0.00, 0.00, 0.00, 0.00, 0.00, 0.00, 0.00, 0.00, 0.00, 0.00, 0.00
"TERMOMECHERO 4",0.00, 0.00, 0.00, 0.00, 0.00, 0.00, 0.00, 0.00, 0.00, 0.00, 0.00, 0.00, 0.00, 0.00, 0.00, 0.00, 0.00, 0.00, 0.00, 0.00, 0.00, 0.00, 0.00, 0.00
"TERMOMECHERO 5",0.00, 0.00, 0.00, 0.00, 0.00, 0.00, 0.00, 0.00, 0.00, 0.00, 0.00, 0.00, 0.00, 0.00, 0.00, 0.00, 0.00, 0.00, 0.00, 0.00, 0.00, 0.00, 0.00, 0.00
"TERMOMECHERO 6",0.00, 0.00, 0.00, 0.00, 0.00, 0.00, 0.00, 0.00, 0.00, 0.00, 0.00, 0.00, 0.00, 0.00, 0.00, 0.00, 0.00, 0.00, 0.00, 0.00, 0.00, 0.00, 0.00, 0.00
"TERMONORTE",0.00, 0.00, 0.00, 0.00, 0.00, 0.00, 0.00, 0.00, 0.00, 0.00, 0.00, 0.00, 0.00, 0.00, 0.00, 0.00, 0.00, 0.00, 0.00, 0.00, 0.00, 0.00, 0.00, 0.00
"TERMOPIEDRAS",3.75, 3.75, 3.75, 3.75, 3.75, 3.75, 3.75, 3.75, 3.75, 3.75, 3.75, 3.75, 3.75, 3.75, 3.75, 3.75, 3.75, 3.75, 3.75, 3.75, 3.75, 3.75, 3.75, 3.75
"TERMOSARAVENA",0.00, 0.00, 0.00, 0.00, 0.00, 0.00, 0.00, 0.00, 0.00, 0.00, 0.00, 0.00, 0.00, 0.00, 0.00, 0.00, 0.00, 0.00, 0.00, 0.00, 0.00, 0.00, 0.00, 0.00
"TERMOSIERRA CC",0.00, 0.00, 0.00, 0.00, 0.00, 0.00, 0.00, 0.00, 0.00, 0.00, 0.00, 0.00, 0.00, 0.00, 0.00, 0.00, 0.00, 0.00, 0.00, 0.00, 0.00, 0.00, 0.00, 0.00
"TERMOTASAJERO DOS SOLAR",0.00, 0.00, 0.00, 0.00, 0.00, 0.00, 0.30, 0.50, 1.70, 2.70, 3.40, 3.40, 3.40, 3.40, 2.70, 1.70, 0.40, 0.20, 0.00, 0.00, 0.00, 0.00, 0.00, 0.00
"TERMOVALLE CC",0.00, 0.00, 0.00, 0.00, 0.00, 0.00, 0.00, 0.00, 0.00, 0.00, 0.00, 0.00, 0.00, 0.00, 0.00, 0.00, 0.00, 0.00, 0.00, 0.00, 0.00, 0.00, 0.00, 0.00
"TERMOYOPAL 1",8.00, 8.00, 8.00, 8.00, 8.00, 8.00, 8.00, 8.00, 8.00, 8.00, 8.00, 8.00, 8.00, 8.00, 8.00, 8.00, 8.00, 8.00, 8.00, 8.00, 8.00, 8.00, 8.00, 8.00
"TERMOYOPAL 2",27.00, 27.00, 27.00, 27.00, 27.00, 27.00, 27.00, 27.00, 27.00, 27.00, 26.00, 26.00, 26.00, 26.00, 26.00, 26.00, 26.00, 27.00, 27.00, 27.00, 27.00, 27.00, 27.00, 27.00
"TERMOYOPAL G3",0.00, 0.00, 0.00, 0.00, 0.00, 0.00, 0.00, 0.00, 0.00, 0.00, 0.00, 0.00, 0.00, 0.00, 0.00, 0.00, 0.00, 0.00, 0.00, 0.00, 0.00, 0.00, 0.00, 0.00
"TERMOYOPAL G4",0.00, 0.00, 0.00, 0.00, 0.00, 0.00, 0.00, 0.00, 0.00, 0.00, 0.00, 0.00, 0.00, 0.00, 0.00, 0.00, 0.00, 0.00, 0.00, 0.00, 0.00, 0.00, 0.00, 0.00
"TERMOYOPAL G5",0.00, 0.00, 0.00, 0.00, 0.00, 0.00, 0.00, 0.00, 0.00, 0.00, 0.00, 0.00, 0.00, 0.00, 0.00, 0.00, 0.00, 0.00, 0.00, 0.00, 0.00, 0.00, 0.00, 0.00
"TESORITO",0.00, 0.00, 0.00, 0.00, 0.00, 0.00, 0.00, 0.00, 0.00, 0.00, 0.00, 0.00, 0.00, 0.00, 0.00, 0.00, 0.00, 0.00, 0.00, 0.00, 0.00, 0.00, 0.00, 0.00
"TIERRA LINDA",0.00, 0.00, 0.00, 0.00, 0.00, 0.00, 1.00, 2.00, 3.00, 4.00, 9.00, 9.00, 9.00, 9.00, 6.00, 6.00, 6.00, 2.00, 1.00, 0.00, 0.00, 0.00, 0.00, 0.00
"TRINA-VATIA BSLI",0.00, 0.00, 0.00, 0.00, 0.00, 0.00, 0.00, 2.95, 4.69, 9.51, 8.96, 12.10, 13.12, 10.22, 9.79, 8.04, 2.55, 0.00, 0.00, 0.00, 0.00, 0.00, 0.00, 0.00
"TRINA-VATIA BSLII",0.00, 0.00, 0.00, 0.00, 0.00, 0.00, 0.00, 2.95, 4.69, 9.51, 8.96, 12.10, 13.12, 10.22, 9.79, 8.04, 2.55, 0.00, 0.00, 0.00, 0.00, 0.00, 0.00, 0.00
"TRINA-VATIA BSLIII",0.00, 0.00, 0.00, 0.00, 0.00, 0.00, 0.00, 2.95, 4.69, 9.51, 8.96, 12.10, 13.12, 10.22, 9.79, 8.04, 2.55, 0.00, 0.00, 0.00, 0.00, 0.00, 0.00, 0.00
"TUNJITA",19.60, 19.60, 19.60, 19.60, 19.60, 19.60, 19.60, 19.60, 19.60, 19.60, 19.60, 19.60, 19.60, 19.60, 19.60, 19.60, 19.60, 19.60, 19.60, 19.60, 19.60, 19.60, 19.60, 19.60
"TZ II",0.00, 0.00, 0.00, 0.00, 0.00, 0.00, 0.00, 0.00, 0.00, 0.00, 0.00, 0.00, 0.00, 0.00, 0.00, 0.00, 0.00, 0.00, 0.00, 0.00, 0.00, 0.00, 0.00, 0.00
"UNION",0.60, 0.60, 0.60, 0.60, 0.60, 0.60, 0.60, 0.60, 0.60, 0.60, 0.60, 0.60, 0.60, 0.60, 0.60, 0.60, 0.60, 0.60, 0.60, 0.60, 0.60, 0.60, 0.60, 0.00
"URRA",146.00, 146.00, 146.00, 146.00, 146.00, 146.00, 146.00, 146.00, 146.00, 146.00, 146.00, 146.00, 146.00, 146.00, 146.00, 146.00, 146.00, 146.00, 213.00, 213.00, 213.00, 213.00, 213.00, 146.00
"URRAO",0.40, 0.40, 0.40, 0.40, 0.40, 0.40, 0.40, 0.40, 0.40, 0.40, 0.40, 0.40, 0.40, 0.40, 0.40, 0.40, 0.40, 0.40, 0.40, 0.40, 0.40, 0.40, 0.40, 0.40
"URUACO",0.00, 0.00, 0.00, 0.00, 0.00, 0.01, 0.30, 0.60, 0.60, 0.70, 0.70, 0.80, 0.70, 0.70, 0.70, 0.30, 0.01, 0.05, 0.00, 0.00, 0.00, 0.00, 0.00, 0.00
"USAQUEN",0.40, 0.40, 0.40, 0.40, 0.40, 0.40, 0.40, 0.40, 0.40, 0.40, 0.40, 0.40, 0.40, 0.40, 0.40, 0.40, 0.40, 0.40, 0.40, 0.40, 0.40, 0.40, 0.40, 0.40
"VALLEDUPAR I",0.00, 0.00, 0.00, 0.00, 0.00, 0.00, 6.00, 11.00, 11.00, 11.00, 11.00, 11.00, 11.00, 11.00, 6.00, 3.00, 2.00, 1.00, 0.00, 0.00, 0.00, 0.00, 0.00, 0.00
"VALLEDUPAR II",0.00, 0.00, 0.00, 0.00, 0.00, 0.00, 5.00, 11.00, 11.00, 11.00, 11.00, 11.00, 11.00, 11.00, 6.00, 3.00, 2.00, 1.00, 0.00, 0.00, 0.00, 0.00, 0.00, 0.00
"VALLEDUPAR III",0.00, 0.00, 0.00, 0.00, 0.00, 0.00, 0.00, 1.00, 2.00, 3.00, 9.00, 9.00, 9.00, 9.00, 9.00, 3.00, 2.00, 1.00, 0.00, 0.00, 0.00, 0.00, 0.00, 0.00
"VENTANA A",2.50, 2.50, 2.50, 2.50, 2.50, 2.50, 2.50, 2.50, 2.50, 2.50, 2.50, 2.50, 2.50, 2.50, 2.50, 2.50, 2.50, 2.50, 2.50, 2.50, 2.50, 2.50, 2.50, 2.50
"VENTANA B",0.00, 0.00, 0.00, 0.00, 0.00, 0.00, 0.00, 0.00, 0.00, 0.00, 0.00, 0.00, 0.00, 0.00, 0.00, 0.00, 0.00, 0.00, 0.00, 0.00, 0.00, 0.00, 0.00, 0.00
"VILLANUEVA",25.00, 25.00, 25.00, 25.00, 25.00, 25.00, 25.00, 25.00, 25.00, 25.00, 25.00, 25.00, 25.00, 25.00, 25.00, 25.00, 25.00, 25.00, 25.00, 25.00, 25.00, 25.00, 25.00, 25.00
"ZAMBRANO II",0.00, 0.00, 0.00, 0.00, 0.00, 0.39, 3.26, 8.60, 11.66, 13.18, 13.87, 14.00, 13.38, 12.91, 9.88, 2.39, 0.40, 0.00, 0.00, 0.00, 0.00, 0.00, 0.00, 0.00
"ZEUS",5.30, 5.30, 5.30, 5.30, 5.30, 5.30, 5.30, 5.30, 5.30, 5.30, 5.30, 5.30, 5.30, 5.30, 5.30, 5.30, 5.30, 5.30, 5.30, 5.30, 5.30, 5.30, 5.30, 5.30
"ZIPAEMG 2",34.00, 1.00, 1.00, 1.00, 1.00, 1.00, 1.00, 1.00, 1.00, 1.00, 1.00, 1.00, 1.00, 1.00, 1.00, 1.00, 34.00, 34.00, 34.00, 34.00, 34.00, 34.00, 34.00, 34.00
"ZIPAEMG 3",56.00, 56.00, 56.00, 56.00, 56.00, 56.00, 56.00, 56.00, 1.00, 1.00, 20.66, 9.34, 29.94, 56.00, 56.00, 56.00, 56.00, 56.00, 56.00, 56.00, 56.00, 56.00, 56.00, 56.00
"ZIPAEMG 4",60.00, 60.00, 60.00, 60.00, 60.00, 60.00, 60.00, 13.48, 1.00, 1.00, 1.00, 1.00, 1.00, 42.91, 60.00, 60.00, 60.00, 60.00, 60.00, 60.00, 60.00, 60.00, 60.00, 60.00
"ZIPAEMG 5",63.00, 63.00, 63.00, 63.00, 63.00, 63.00, 63.00, 63.00, 1.00, 1.00, 63.00, 63.00, 63.00, 63.00, 63.00, 63.00, 63.00, 63.00, 63.00, 63.00, 63.00, 63.00, 63.00, 63.00
