"AGUA FRESCA",5.27, 5.27, 5.27, 5.27, 5.27, 5.27, 5.27, 5.27, 5.27, 5.27, 5.27, 5.27, 5.27, 5.27, 5.27, 5.27, 5.27, 5.27, 5.27, 5.27, 5.27, 5.27, 5.27, 5.27
"ALBAN",0.00, 0.00, 0.00, 0.00, 0.00, 0.00, 0.00, 0.00, 0.00, 0.00, 0.00, 0.00, 0.00, 0.00, 0.00, 0.00, 0.00, 0.00, 0.00, 0.00, 0.00, 0.00, 0.00, 0.00
"ALEJANDRIA",6.79, 6.79, 6.79, 6.79, 6.79, 6.79, 6.79, 6.79, 6.79, 6.79, 6.79, 6.79, 6.79, 6.79, 6.79, 6.79, 6.79, 6.79, 6.79, 6.79, 6.79, 6.79, 6.79, 6.79
"ALMA II",0.00, 0.00, 0.00, 0.00, 0.00, 0.00, 0.90, 3.90, 6.30, 8.10, 9.80, 8.40, 8.10, 8.00, 6.60, 4.50, 1.00, 0.10, 0.00, 0.00, 0.00, 0.00, 0.00, 0.00
"ALTO TULUA",0.00, 0.00, 0.00, 0.00, 0.00, 0.00, 0.00, 0.00, 0.00, 0.00, 0.00, 0.00, 0.00, 0.00, 0.00, 0.00, 0.00, 0.00, 0.00, 0.00, 0.00, 0.00, 0.00, 0.00
"AMAIME",0.00, 0.00, 0.00, 0.00, 0.00, 0.00, 0.00, 0.00, 0.00, 0.00, 0.00, 0.00, 0.00, 0.00, 0.00, 0.00, 0.00, 0.00, 0.00, 0.00, 0.00, 0.00, 0.00, 0.00
"AMALFI",0.45, 0.45, 0.45, 0.45, 0.45, 0.45, 0.45, 0.45, 0.45, 0.45, 0.45, 0.45, 0.45, 0.45, 0.45, 0.45, 0.45, 0.45, 0.45, 0.45, 0.45, 0.45, 0.45, 0.45
"AMERICA",0.00, 0.00, 0.00, 0.00, 0.00, 0.00, 0.00, 0.00, 0.00, 0.00, 0.00, 0.00, 0.00, 0.00, 0.00, 0.00, 0.00, 0.00, 0.00, 0.00, 0.00, 0.00, 0.00, 0.00
"AMOYA LA ESPERANZA",75.00, 75.00, 75.00, 75.00, 75.00, 75.00, 75.00, 75.00, 75.00, 75.00, 75.00, 75.00, 75.00, 75.00, 75.00, 75.00, 75.00, 75.00, 75.00, 75.00, 75.00, 75.00, 75.00, 75.00
"ASNAZU",0.45, 0.45, 0.45, 0.45, 0.45, 0.45, 0.44, 0.45, 0.44, 0.43, 0.43, 0.43, 0.43, 0.42, 0.42, 0.42, 0.42, 0.42, 0.43, 0.44, 0.45, 0.44, 0.45, 0.45
"ATLANTICO",0.00, 0.00, 0.00, 0.00, 0.00, 0.00, 30.00, 100.00, 136.00, 156.00, 167.00, 171.00, 175.00, 175.00, 157.00, 146.00, 114.00, 47.00, 0.00, 0.00, 0.00, 0.00, 0.00, 0.00
"AURES BAJO",5.30, 5.30, 5.30, 5.30, 5.30, 5.00, 5.00, 5.00, 5.00, 5.00, 5.00, 5.00, 5.00, 5.00, 5.20, 5.20, 5.20, 5.20, 5.20, 5.20, 5.20, 5.20, 5.20, 5.20
"AUTOG ARGOS EL CAIRO",6.50, 6.50, 6.50, 6.50, 6.50, 6.50, 6.50, 6.50, 6.50, 6.50, 6.50, 6.50, 6.50, 6.50, 6.50, 6.50, 6.50, 6.50, 6.50, 6.50, 6.50, 6.50, 6.50, 6.50
"AUTOG ARGOS SOGAMOSO",7.50, 7.50, 7.50, 7.50, 7.50, 7.50, 7.50, 7.50, 7.50, 7.50, 7.50, 7.50, 7.50, 7.50, 7.50, 7.50, 7.50, 7.50, 7.50, 7.50, 7.50, 7.50, 7.50, 7.50
"AUTOG ARGOS YUMBO",0.00, 0.00, 0.00, 0.00, 0.00, 0.00, 0.00, 0.00, 0.00, 0.00, 0.00, 0.00, 0.00, 0.00, 0.00, 0.00, 0.00, 0.00, 0.00, 0.00, 0.00, 0.00, 0.00, 0.00
"AUTOG AYURA",9.00, 9.00, 9.00, 9.00, 9.00, 9.00, 9.00, 9.00, 9.00, 9.00, 9.00, 9.00, 9.00, 9.00, 9.00, 9.00, 9.00, 9.00, 9.00, 9.00, 9.00, 9.00, 9.00, 9.00
"AUTOG BIODIANA",0.96, 0.96, 0.96, 0.96, 0.96, 0.96, 0.96, 0.96, 0.96, 0.96, 0.96, 0.96, 0.96, 0.96, 0.96, 0.96, 0.96, 0.96, 0.96, 0.96, 0.96, 0.96, 0.96, 0.79
"AUTOG BIOS CIENAGA ORO",0.00, 0.00, 0.00, 0.00, 0.00, 0.00, 0.00, 0.00, 0.00, 0.00, 0.00, 0.00, 0.00, 0.00, 0.00, 0.00, 0.00, 0.00, 0.00, 0.00, 0.00, 0.00, 0.00, 0.00
"AUTOG BIOS CONTEGRAL CARTAGO",0.00, 0.00, 0.00, 0.00, 0.00, 0.00, 0.00, 0.00, 0.00, 0.00, 0.00, 0.00, 0.00, 0.00, 0.00, 0.00, 0.00, 0.00, 0.00, 0.00, 0.00, 0.00, 0.00, 0.00
"AUTOG BIOS CONTEGRAL NEIVA",0.00, 0.00, 0.00, 0.00, 0.00, 0.00, 0.00, 0.00, 0.00, 0.00, 0.00, 0.00, 0.00, 0.00, 0.00, 0.00, 0.00, 0.00, 0.00, 0.00, 0.00, 0.00, 0.00, 0.00
"AUTOG BIOS FINCA BUGA",0.00, 0.00, 0.00, 0.00, 0.00, 0.00, 0.00, 0.00, 0.00, 0.00, 0.00, 0.00, 0.00, 0.00, 0.00, 0.00, 0.00, 0.00, 0.00, 0.00, 0.00, 0.00, 0.00, 0.00
"AUTOG BUGA I GRASAS",0.00, 0.00, 0.00, 0.00, 0.00, 0.00, 0.00, 0.00, 1.00, 1.00, 1.00, 1.00, 1.00, 1.00, 1.00, 0.00, 0.00, 0.00, 0.00, 0.00, 0.00, 0.00, 0.00, 0.00
"AUTOG BUGA I SOLLA",0.00, 0.00, 0.00, 0.00, 0.00, 0.00, 0.00, 0.00, 2.00, 2.00, 2.00, 2.00, 2.00, 2.00, 2.00, 1.00, 0.00, 0.00, 0.00, 0.00, 0.00, 0.00, 0.00, 0.00
"AUTOG CANTAYUS",3.00, 3.10, 2.84, 2.86, 2.86, 3.02, 3.10, 3.12, 2.84, 3.02, 2.98, 2.96, 2.84, 2.74, 2.68, 2.86, 2.92, 2.92, 2.90, 2.90, 2.94, 2.94, 2.94, 2.98
"AUTOG CARVAJAL GINEBRA",0.00, 0.00, 0.00, 0.00, 0.00, 0.00, 0.00, 0.00, 0.02, 0.10, 0.20, 0.20, 0.12, 0.17, 0.05, 0.01, 0.00, 0.00, 0.00, 0.00, 0.00, 0.00, 0.00, 0.00
"AUTOG CELSIA SOLAR ESCOBAL CEMEX",0.00, 0.00, 0.00, 0.00, 0.00, 0.00, 0.00, 0.00, 0.00, 0.00, 0.00, 0.00, 0.00, 0.00, 0.00, 0.00, 0.00, 0.00, 0.00, 0.00, 0.00, 0.00, 0.00, 0.00
"AUTOG CELSIA SOLAR ESPINAL",0.00, 0.00, 0.00, 0.00, 0.00, 0.00, 0.00, 0.00, 0.00, 0.00, 0.00, 0.00, 0.00, 0.00, 0.00, 0.00, 0.00, 0.00, 0.00, 0.00, 0.00, 0.00, 0.00, 0.00
"AUTOG CELSIA SOLAR HARINAS",0.00, 0.00, 0.00, 0.00, 0.00, 0.00, 0.00, 0.00, 0.00, 0.00, 1.00, 1.00, 1.00, 1.00, 0.00, 0.00, 0.00, 0.00, 0.00, 0.00, 0.00, 0.00, 0.00, 0.00
"AUTOG CELSIA SOLAR LEVAPAN",0.00, 0.00, 0.00, 0.00, 0.00, 0.00, 0.00, 0.00, 1.00, 1.00, 3.00, 4.00, 4.00, 4.00, 2.00, 1.00, 0.00, 0.00, 0.00, 0.00, 0.00, 0.00, 0.00, 0.00
"AUTOG CELSIA SOLAR PALMIRA 3",0.00, 0.00, 0.00, 0.00, 0.00, 0.00, 0.00, 0.00, 0.00, 0.00, 0.00, 0.00, 1.00, 0.00, 0.00, 0.00, 0.00, 0.00, 0.00, 0.00, 0.00, 0.00, 0.00, 0.00
"AUTOG CELSIA SOLAR PALMIRA 3 ZONA FRANCA",0.00, 0.00, 0.00, 0.00, 0.00, 0.00, 0.00, 0.00, 0.00, 0.00, 0.00, 0.00, 0.00, 0.00, 0.00, 0.00, 0.00, 0.00, 0.00, 0.00, 0.00, 0.00, 0.00, 0.00
"AUTOG CELSIA SOLAR TQ JAMUNDI",0.00, 0.00, 0.00, 0.00, 0.00, 0.00, 0.00, 0.00, 0.00, 0.00, 0.00, 0.00, 0.00, 0.00, 0.00, 0.00, 0.00, 0.00, 0.00, 0.00, 0.00, 0.00, 0.00, 0.00
"AUTOG CELSIA SOLAR TQ TECNOSUR",0.00, 0.00, 0.00, 0.00, 0.00, 0.00, 0.00, 1.00, 2.00, 3.00, 4.00, 4.00, 4.00, 4.00, 4.00, 3.00, 2.00, 1.00, 0.00, 0.00, 0.00, 0.00, 0.00, 0.00
"AUTOG CELSIA SOLAR YUMBO",0.00, 0.00, 0.00, 0.00, 0.00, 0.00, 0.00, 0.00, 0.00, 1.00, 1.00, 1.00, 2.00, 1.00, 1.00, 0.00, 0.00, 0.00, 0.00, 0.00, 0.00, 0.00, 0.00, 0.00
"AUTOG CEMENTOS DEL NARE",8.20, 8.20, 8.20, 8.20, 8.20, 6.70, 6.70, 6.70, 6.70, 6.70, 6.70, 6.70, 6.70, 6.70, 6.70, 6.70, 6.90, 6.90, 6.90, 6.90, 6.90, 6.90, 8.20, 8.20
"AUTOG CI JEANS",0.00, 0.00, 0.00, 0.00, 0.00, 0.00, 0.01, 0.03, 0.16, 0.35, 0.52, 0.51, 0.46, 0.42, 0.46, 0.35, 0.21, 0.07, 0.01, 0.00, 0.00, 0.00, 0.00, 0.00
"AUTOG COCA-COLA FEMSA",0.40, 0.40, 0.40, 0.40, 0.40, 0.40, 0.40, 0.40, 0.40, 0.40, 0.40, 0.40, 0.40, 0.40, 0.40, 0.40, 0.40, 0.40, 0.40, 0.40, 0.40, 0.40, 0.40, 0.40
"AUTOG COMOLSA",0.00, 0.00, 0.00, 0.00, 0.00, 0.00, 0.00, 0.00, 0.00, 0.00, 1.00, 1.00, 1.00, 1.00, 1.00, 0.00, 0.00, 0.00, 0.00, 0.00, 0.00, 0.00, 0.00, 0.00
"AUTOG CORONA SOPO",0.00, 0.00, 0.00, 0.00, 0.00, 0.00, 0.00, 0.00, 0.00, 0.00, 0.01, 0.01, 0.01, 0.00, 0.01, 0.00, 0.00, 0.00, 0.00, 0.00, 0.00, 0.00, 0.00, 0.00
"AUTOG CORPACERO",0.00, 0.00, 0.00, 0.00, 0.00, 0.00, 0.00, 0.00, 0.00, 0.00, 0.00, 0.00, 0.00, 0.00, 0.00, 0.00, 0.00, 0.00, 0.00, 0.00, 0.00, 0.00, 0.00, 0.00
"AUTOG ECOPETROL ORITO",1.00, 1.00, 1.00, 1.00, 1.00, 1.00, 1.00, 1.00, 1.00, 1.00, 1.00, 1.00, 1.00, 1.00, 1.00, 1.00, 1.00, 1.00, 1.00, 1.00, 1.00, 1.00, 1.00, 1.00
"AUTOG EL COPEY",0.00, 0.00, 0.00, 0.00, 0.00, 0.00, 0.70, 2.50, 4.10, 5.20, 5.90, 6.20, 6.10, 5.60, 4.80, 3.50, 1.90, 0.40, 0.00, 0.00, 0.00, 0.00, 0.00, 0.00
"AUTOG GOLOSINAS TRULULU",3.30, 3.30, 3.30, 3.30, 3.30, 3.30, 3.30, 3.30, 3.30, 3.30, 3.30, 3.30, 3.30, 3.30, 3.30, 3.30, 3.30, 3.30, 3.30, 3.30, 3.30, 3.30, 3.30, 3.30
"AUTOG GRAN COLOMBIA GOLD",0.00, 0.00, 0.00, 0.00, 0.00, 0.00, 0.00, 0.00, 0.00, 0.00, 0.00, 0.00, 0.00, 0.00, 0.00, 0.00, 0.00, 0.00, 0.00, 0.00, 0.00, 0.00, 0.00, 0.00
"AUTOG HIDROSOLAR I",0.00, 0.00, 0.00, 0.00, 0.00, 0.00, 0.00, 0.05, 1.76, 2.35, 3.53, 4.58, 4.63, 4.48, 4.46, 3.97, 2.23, 0.20, 0.00, 0.00, 0.00, 0.00, 0.00, 0.00
"AUTOG INGENIO CARMELITA",3.00, 3.00, 3.00, 3.00, 3.00, 3.00, 3.00, 3.00, 3.00, 3.00, 3.00, 3.00, 3.00, 3.00, 3.00, 3.00, 3.00, 3.00, 3.00, 3.00, 3.00, 3.00, 3.00, 3.00
"AUTOG INGENIO MARIA LUISA",0.20, 0.20, 0.20, 0.20, 0.20, 0.20, 0.20, 0.20, 0.20, 0.20, 0.20, 0.20, 0.20, 0.20, 0.20, 0.20, 0.20, 0.20, 0.20, 0.20, 0.20, 0.20, 0.20, 0.20
"AUTOG LOS POCITOS",1.80, 1.80, 1.80, 1.80, 1.80, 1.80, 1.80, 1.80, 1.80, 1.80, 1.80, 1.80, 1.80, 1.80, 1.80, 1.80, 1.80, 1.80, 1.80, 1.80, 1.80, 1.80, 1.80, 1.80
"AUTOG MILPA SAN CARLOS",0.00, 0.00, 0.00, 0.00, 0.00, 0.00, 0.00, 0.11, 0.22, 0.23, 0.27, 0.30, 0.41, 0.42, 0.29, 0.17, 0.08, 0.02, 0.00, 0.00, 0.00, 0.00, 0.00, 0.00
"AUTOG MOLINOS SANTA MARTA",0.00, 0.00, 0.00, 0.00, 0.00, 0.00, 0.00, 0.00, 0.00, 1.00, 1.00, 1.00, 1.00, 1.00, 1.00, 1.00, 0.00, 0.00, 0.00, 0.00, 0.00, 0.00, 0.00, 0.00
"AUTOG PALMERAS DE LA COSTA",0.00, 0.00, 0.00, 0.00, 0.00, 0.00, 0.00, 0.00, 0.00, 0.00, 0.00, 0.00, 0.00, 0.00, 0.00, 0.00, 0.00, 0.00, 0.00, 0.00, 0.00, 0.00, 0.00, 0.00
"AUTOG PINTUCO",0.00, 0.00, 0.00, 0.00, 0.00, 0.00, 0.00, 0.01, 0.03, 0.05, 0.09, 0.10, 0.15, 0.16, 0.15, 0.10, 0.03, 0.01, 0.00, 0.00, 0.00, 0.00, 0.00, 0.00
"AUTOG PTAR BELLO",0.00, 0.00, 0.30, 0.60, 0.70, 0.70, 0.90, 0.40, 0.40, 0.38, 0.38, 0.38, 0.38, 0.38, 0.00, 0.00, 0.00, 0.00, 0.00, 0.00, 0.00, 0.00, 0.00, 0.00
"AUTOG QBCO",0.00, 0.00, 0.00, 0.00, 0.00, 0.00, 0.00, 0.00, 0.00, 1.00, 1.00, 2.00, 1.00, 1.00, 1.00, 0.00, 0.00, 0.00, 0.00, 0.00, 0.00, 0.00, 0.00, 0.00
"AUTOG REFICAR",2.00, 2.00, 2.00, 2.00, 2.00, 2.00, 2.00, 2.00, 2.00, 2.00, 2.00, 2.00, 2.00, 2.00, 2.00, 2.00, 2.00, 2.00, 2.00, 2.00, 2.00, 2.00, 2.00, 2.00
"AUTOG SOLAR AYACUCHO",0.00, 0.00, 0.00, 0.00, 0.00, 0.00, 0.00, 0.00, 0.00, 0.00, 0.00, 0.00, 0.00, 0.00, 0.00, 0.00, 0.00, 0.00, 0.00, 0.00, 0.00, 0.00, 0.00, 0.00
"AUTOG SOLAR PALMIRA",0.00, 0.00, 0.00, 0.00, 0.00, 0.00, 0.00, 0.00, 0.00, 0.00, 0.00, 0.00, 0.00, 0.00, 0.00, 0.00, 0.00, 0.00, 0.00, 0.00, 0.00, 0.00, 0.00, 0.00
"AUTOG SOLAR PALMIRA II BERRY",0.00, 0.00, 0.00, 0.00, 0.00, 0.00, 0.00, 0.00, 0.00, 2.00, 3.00, 2.00, 4.00, 3.00, 2.00, 0.00, 0.00, 0.00, 0.00, 0.00, 0.00, 0.00, 0.00, 0.00
"AUTOG SOLAR VASCONIA",0.00, 0.00, 0.00, 0.00, 0.00, 0.00, 0.00, 0.00, 0.00, 0.00, 0.00, 0.00, 0.00, 0.00, 0.00, 0.00, 0.00, 0.00, 0.00, 0.00, 0.00, 0.00, 0.00, 0.00
"AUTOG TERMOARAUCA",0.00, 0.00, 0.00, 0.00, 0.00, 0.00, 0.00, 0.00, 0.00, 0.00, 0.00, 0.00, 0.00, 0.00, 0.00, 0.00, 0.00, 0.00, 0.00, 0.00, 0.00, 0.00, 0.00, 0.00
"AUTOG TERMOCOROCITO",2.00, 2.00, 2.00, 2.00, 2.00, 2.00, 2.00, 2.00, 2.00, 2.00, 2.00, 2.00, 2.00, 2.00, 2.00, 2.00, 2.00, 2.00, 2.00, 2.00, 2.00, 2.00, 2.00, 2.00
"AUTOG TERMOMACAGUA",4.00, 4.00, 4.00, 4.00, 4.00, 4.00, 4.00, 4.00, 4.00, 4.00, 4.00, 4.00, 4.00, 4.00, 4.00, 4.00, 4.00, 4.00, 4.00, 4.00, 4.00, 4.00, 4.00, 4.00
"AUTOG TERMOTAME",2.00, 2.00, 2.00, 2.00, 2.00, 2.50, 2.50, 2.50, 2.50, 2.50, 2.50, 2.50, 2.50, 2.50, 2.50, 2.50, 2.50, 2.50, 2.50, 2.50, 2.50, 2.50, 2.50, 2.50
"AUTOG TURGAS",3.50, 3.50, 3.50, 3.50, 3.50, 3.50, 3.50, 3.50, 3.50, 3.50, 3.50, 3.50, 3.50, 3.50, 3.50, 3.50, 3.50, 3.50, 3.50, 3.50, 3.50, 3.50, 3.50, 3.50
"AUTOG UNIBOL",0.00, 0.00, 0.00, 0.00, 0.00, 0.00, 0.00, 0.00, 0.00, 0.00, 0.00, 0.00, 0.00, 0.00, 0.00, 0.00, 0.00, 0.00, 0.00, 0.00, 0.00, 0.00, 0.00, 0.00
"AUTOG UNIMINAS",0.00, 0.00, 0.00, 0.00, 0.00, 0.00, 0.00, 0.04, 0.05, 0.07, 0.16, 0.22, 0.29, 0.24, 0.19, 0.10, 0.05, 0.00, 0.00, 0.00, 0.00, 0.00, 0.00, 0.00
"AUTOG YAGUARITO",0.00, 0.00, 0.00, 0.00, 0.00, 0.00, 0.00, 0.00, 0.00, 0.00, 0.00, 0.00, 0.00, 0.00, 0.00, 0.00, 0.00, 0.00, 0.00, 0.00, 0.00, 0.00, 0.00, 0.00
"BAJO TULUA",0.00, 0.00, 0.00, 0.00, 0.00, 0.00, 0.00, 0.00, 0.00, 0.00, 0.00, 0.00, 0.00, 0.00, 0.00, 0.00, 0.00, 0.00, 0.00, 0.00, 0.00, 0.00, 0.00, 0.00
"BARAYA",0.00, 0.00, 0.00, 0.00, 0.00, 0.01, 0.30, 0.60, 0.60, 0.70, 0.70, 0.80, 0.70, 0.70, 0.70, 0.30, 0.01, 0.05, 0.00, 0.00, 0.00, 0.00, 0.00, 0.00
"BARRANQUILLA 3",0.00, 0.00, 0.00, 0.00, 0.00, 0.00, 0.00, 0.00, 0.00, 0.00, 0.00, 0.00, 0.00, 0.00, 0.00, 0.00, 0.00, 0.00, 0.00, 0.00, 0.00, 0.00, 0.00, 0.00
"BARRANQUILLA 4",0.00, 0.00, 0.00, 0.00, 0.00, 0.00, 0.00, 0.00, 0.00, 0.00, 0.00, 0.00, 0.00, 0.00, 0.00, 0.00, 0.00, 0.00, 0.00, 0.00, 0.00, 0.00, 0.00, 0.00
"BARROSO",18.02, 18.02, 18.02, 18.02, 18.02, 18.02, 18.02, 18.02, 18.02, 18.02, 18.02, 18.02, 18.02, 18.02, 18.02, 18.02, 18.02, 18.02, 18.02, 18.02, 18.02, 18.02, 18.02, 18.02
"BAYONA",0.00, 0.00, 0.00, 0.00, 0.00, 0.00, 0.00, 0.00, 0.00, 0.00, 0.00, 0.00, 0.00, 0.00, 0.00, 0.00, 0.00, 0.00, 0.00, 0.00, 0.00, 0.00, 0.00, 0.00
"BELLO",0.00, 0.00, 0.00, 0.00, 0.00, 0.00, 0.00, 0.00, 0.00, 0.00, 0.00, 0.00, 0.00, 0.00, 0.00, 0.00, 0.00, 0.00, 0.00, 0.00, 0.00, 0.00, 0.00, 0.00
"BELMONTE",2.80, 2.80, 2.80, 2.80, 2.80, 2.80, 2.80, 2.80, 2.80, 2.80, 2.80, 2.80, 2.80, 2.80, 2.80, 2.80, 2.80, 2.80, 2.80, 2.80, 2.80, 2.80, 2.80, 2.80
"BETANIA",495.00, 495.00, 495.00, 495.00, 495.00, 495.00, 495.00, 495.00, 495.00, 495.00, 495.00, 495.00, 495.00, 495.00, 495.00, 495.00, 495.00, 495.00, 495.00, 495.00, 495.00, 495.00, 495.00, 495.00
"BIOENERGY",0.00, 0.00, 0.00, 0.00, 0.00, 0.00, 0.00, 0.00, 0.00, 0.00, 0.00, 0.00, 0.00, 0.00, 0.00, 0.00, 0.00, 0.00, 0.00, 0.00, 0.00, 0.00, 0.00, 0.00
"BOSQUES SOLARES DE LOS LLANOS 4",0.00, 0.00, 0.00, 0.00, 0.00, 0.00, 4.11, 6.71, 11.53, 13.72, 13.25, 14.04, 14.28, 13.88, 13.29, 10.13, 4.09, 0.00, 0.00, 0.00, 0.00, 0.00, 0.00, 0.00
"BOSQUES SOLARES DE LOS LLANOS 5",0.00, 0.00, 0.00, 0.00, 0.00, 0.00, 2.08, 6.63, 9.29, 11.68, 12.69, 13.46, 12.51, 11.81, 10.37, 8.59, 5.52, 0.00, 0.00, 0.00, 0.00, 0.00, 0.00, 0.00
"BSB 500",0.00, 0.00, 0.00, 0.00, 0.00, 0.00, 5.34, 14.03, 18.18, 19.00, 19.16, 17.62, 16.67, 15.80, 16.05, 13.69, 9.30, 3.55, 0.00, 0.00, 0.00, 0.00, 0.00, 0.00
"BSB 501",0.00, 0.00, 0.00, 0.00, 0.00, 0.00, 5.34, 14.03, 18.18, 19.00, 19.16, 17.62, 16.67, 15.80, 16.05, 13.69, 9.30, 3.55, 0.00, 0.00, 0.00, 0.00, 0.00, 0.00
"BSB 502",0.00, 0.00, 0.00, 0.00, 0.00, 0.00, 5.34, 14.03, 18.18, 19.00, 19.16, 17.62, 16.67, 15.80, 16.05, 13.69, 9.30, 3.55, 0.00, 0.00, 0.00, 0.00, 0.00, 0.00
"BSB 503",0.00, 0.00, 0.00, 0.00, 0.00, 0.00, 5.34, 14.03, 18.18, 19.00, 19.16, 17.62, 16.67, 15.80, 16.05, 13.69, 9.30, 3.55, 0.00, 0.00, 0.00, 0.00, 0.00, 0.00
"BSB 504",0.00, 0.00, 0.00, 0.00, 0.00, 0.00, 5.34, 14.03, 18.18, 19.00, 19.16, 17.62, 16.67, 15.80, 16.05, 13.69, 9.30, 3.55, 0.00, 0.00, 0.00, 0.00, 0.00, 0.00
"CAIMAN CIENAGUERO",0.00, 0.00, 0.00, 0.00, 0.00, 0.01, 0.03, 0.24, 0.36, 0.51, 0.63, 0.54, 0.61, 0.20, 0.10, 0.00, 0.00, 0.00, 0.00, 0.00, 0.00, 0.00, 0.00, 0.00
"CALDERAS",3.70, 3.70, 3.70, 3.70, 3.70, 3.70, 5.66, 5.66, 3.70, 3.70, 3.70, 8.18, 8.18, 3.70, 3.70, 3.70, 3.70, 11.74, 11.74, 11.74, 3.70, 3.70, 3.70, 3.70
"CALIMA",0.00, 0.00, 0.00, 0.00, 0.00, 0.00, 0.00, 0.00, 0.00, 0.00, 0.00, 0.00, 0.00, 0.00, 0.00, 0.00, 0.00, 0.00, 0.00, 0.00, 0.00, 0.00, 0.00, 0.00
"CAMPESTRE (CALARCA)",0.00, 0.00, 0.00, 0.00, 0.00, 0.00, 0.00, 0.00, 0.00, 0.00, 0.00, 0.00, 0.00, 0.00, 0.00, 0.00, 0.00, 0.00, 0.00, 0.00, 0.00, 0.00, 0.00, 0.00
"CAMPESTRE (EPM)",0.00, 0.00, 0.00, 0.00, 0.00, 0.00, 0.00, 0.00, 0.00, 0.00, 0.00, 0.00, 0.00, 0.00, 0.00, 0.00, 0.00, 0.00, 0.00, 0.00, 0.00, 0.00, 0.00, 0.00
"CANAHUATE",0.00, 0.00, 0.00, 0.00, 0.00, 0.01, 0.30, 0.60, 0.60, 0.70, 0.70, 0.80, 0.70, 0.70, 0.70, 0.30, 0.01, 0.05, 0.00, 0.00, 0.00, 0.00, 0.00, 0.00
"CARACOLI",3.75, 3.75, 3.75, 3.75, 3.75, 3.75, 3.75, 3.75, 3.75, 3.75, 3.75, 3.75, 3.75, 3.75, 3.75, 3.75, 3.75, 3.75, 3.75, 3.75, 3.75, 3.75, 3.75, 3.75
"CARACOLI I",0.00, 0.00, 0.00, 0.00, 0.00, 0.00, 3.00, 13.00, 23.00, 29.00, 31.00, 32.00, 31.00, 28.00, 25.00, 20.00, 13.00, 4.00, 0.00, 0.00, 0.00, 0.00, 0.00, 0.00
"CARLOS LLERAS",78.00, 78.00, 78.00, 78.00, 78.00, 78.00, 78.00, 78.00, 78.00, 78.00, 78.00, 78.00, 78.00, 78.00, 78.00, 78.00, 78.00, 78.00, 78.00, 78.00, 78.00, 78.00, 78.00, 78.00
"CARTAGENA 1",0.00, 0.00, 0.00, 0.00, 0.00, 0.00, 0.00, 0.00, 0.00, 0.00, 0.00, 0.00, 0.00, 0.00, 0.00, 0.00, 0.00, 0.00, 0.00, 0.00, 0.00, 0.00, 0.00, 0.00
"CARTAGENA 2",0.00, 0.00, 0.00, 0.00, 0.00, 0.00, 0.00, 0.00, 0.00, 0.00, 0.00, 0.00, 0.00, 0.00, 0.00, 0.00, 0.00, 0.00, 0.00, 0.00, 0.00, 0.00, 0.00, 0.00
"CARTAGENA 3",0.00, 0.00, 0.00, 0.00, 0.00, 0.00, 0.00, 0.00, 0.00, 0.00, 0.00, 0.00, 0.00, 0.00, 0.00, 0.00, 0.00, 0.00, 0.00, 0.00, 0.00, 0.00, 0.00, 0.00
"CARUQUIA",3.76, 3.76, 3.76, 3.76, 3.76, 3.76, 3.76, 3.76, 3.76, 3.76, 3.76, 3.76, 3.76, 3.76, 3.76, 3.76, 3.76, 3.76, 3.76, 3.76, 3.76, 3.76, 3.76, 3.76
"CASCADA",1.50, 1.50, 1.50, 1.50, 1.50, 1.50, 1.50, 1.50, 1.50, 1.50, 1.50, 1.50, 1.50, 1.50, 1.50, 1.50, 1.50, 1.50, 1.50, 1.50, 1.50, 1.50, 1.50, 1.50
"CAUYA",0.20, 0.20, 0.20, 0.20, 0.20, 0.20, 0.20, 0.20, 0.20, 0.20, 0.20, 0.20, 0.20, 0.20, 0.20, 0.20, 0.20, 0.20, 0.20, 0.20, 0.20, 0.20, 0.20, 0.20
"CELSIA SOLAR ALUMINA",0.00, 0.00, 0.00, 0.00, 0.00, 0.00, 0.00, 0.00, 0.00, 0.00, 0.03, 0.20, 0.11, 0.02, 0.07, 0.00, 0.00, 0.00, 0.00, 0.00, 0.00, 0.00, 0.00, 0.00
"CELSIA SOLAR BOLIVAR",0.00, 0.00, 0.00, 0.00, 0.00, 0.00, 0.00, 1.00, 1.00, 2.00, 2.00, 2.00, 2.00, 2.00, 2.00, 1.00, 1.00, 0.00, 0.00, 0.00, 0.00, 0.00, 0.00, 0.00
"CELSIA SOLAR BUGALAGRANDE",0.00, 0.00, 0.00, 0.00, 0.00, 0.00, 0.00, 5.00, 8.00, 9.00, 9.00, 9.00, 9.00, 8.00, 7.00, 5.00, 3.00, 2.00, 0.00, 0.00, 0.00, 0.00, 0.00, 0.00
"CELSIA SOLAR CARMELO",0.00, 0.00, 0.00, 0.00, 0.00, 0.00, 0.00, 0.00, 0.00, 0.00, 1.00, 2.00, 2.00, 1.00, 0.00, 0.00, 0.00, 0.00, 0.00, 0.00, 0.00, 0.00, 0.00, 0.00
"CELSIA SOLAR DULIMA",0.00, 0.00, 0.00, 0.00, 0.00, 0.00, 3.00, 10.00, 19.00, 19.00, 19.00, 18.00, 19.00, 19.00, 19.00, 17.00, 15.00, 4.00, 0.00, 0.00, 0.00, 0.00, 0.00, 0.00
"CELSIA SOLAR ESCOBAL I",0.00, 0.00, 0.00, 0.00, 0.00, 0.00, 0.00, 0.00, 0.00, 0.00, 0.00, 0.00, 0.00, 0.00, 0.00, 0.00, 0.00, 0.00, 0.00, 0.00, 0.00, 0.00, 0.00, 0.00
"CELSIA SOLAR ESCOBAL II",0.00, 0.00, 0.00, 0.00, 0.00, 0.00, 0.00, 6.00, 10.00, 14.00, 15.00, 17.00, 16.00, 16.00, 14.00, 10.00, 6.00, 1.00, 0.00, 0.00, 0.00, 0.00, 0.00, 0.00
"CELSIA SOLAR ESCOBAL III",0.00, 0.00, 0.00, 0.00, 0.00, 0.00, 0.00, 11.00, 13.00, 14.00, 19.90, 19.90, 19.90, 19.90, 19.90, 14.00, 13.00, 11.00, 0.00, 0.00, 0.00, 0.00, 0.00, 0.00
"CELSIA SOLAR ESCOBAL IV",0.00, 0.00, 0.00, 0.00, 0.00, 0.00, 0.00, 10.00, 17.00, 18.00, 17.00, 19.00, 18.00, 18.00, 18.00, 17.00, 10.00, 2.00, 0.00, 0.00, 0.00, 0.00, 0.00, 0.00
"CELSIA SOLAR ESCOBAL V",0.00, 0.00, 0.00, 0.00, 0.00, 0.00, 0.00, 10.00, 17.00, 19.00, 17.00, 19.00, 19.00, 19.00, 18.00, 17.00, 10.00, 2.00, 0.00, 0.00, 0.00, 0.00, 0.00, 0.00
"CELSIA SOLAR LA PAILA",0.00, 0.00, 0.00, 0.00, 0.00, 0.00, 0.00, 0.00, 0.00, 0.00, 1.00, 2.00, 1.00, 2.00, 1.00, 0.00, 0.00, 0.00, 0.00, 0.00, 0.00, 0.00, 0.00, 0.00
"CELSIA SOLAR LA VICTORIA I",0.00, 0.00, 0.00, 0.00, 0.00, 0.00, 0.00, 0.00, 0.00, 0.00, 0.00, 0.00, 0.00, 0.00, 0.00, 0.00, 0.00, 0.00, 0.00, 0.00, 0.00, 0.00, 0.00, 0.00
"CELSIA SOLAR LA VICTORIA II",0.00, 0.00, 0.00, 0.00, 0.00, 0.00, 1.00, 7.00, 14.00, 17.00, 16.00, 14.00, 18.00, 17.00, 13.00, 7.00, 12.00, 4.00, 0.00, 0.00, 0.00, 0.00, 0.00, 0.00
"CELSIA SOLAR PUERTO TEJADA",0.00, 0.00, 0.00, 0.00, 0.00, 0.00, 0.00, 0.00, 0.00, 0.00, 13.00, 17.00, 18.00, 17.00, 16.00, 15.00, 11.00, 2.00, 0.00, 0.00, 0.00, 0.00, 0.00, 0.00
"CELSIA SOLAR YUMA",0.00, 0.00, 0.00, 0.00, 0.00, 0.00, 1.00, 5.00, 8.00, 9.00, 9.00, 9.00, 9.00, 9.00, 8.00, 8.00, 7.00, 1.00, 0.00, 0.00, 0.00, 0.00, 0.00, 0.00
"CENTRAL CASTILLA 1",2.00, 2.00, 2.00, 2.00, 2.00, 2.00, 2.00, 2.00, 2.00, 2.00, 2.00, 2.00, 2.00, 2.00, 2.00, 2.00, 2.00, 2.00, 2.00, 2.00, 2.00, 2.00, 2.00, 2.00
"CENTRO SOLAR",0.00, 0.00, 0.00, 0.00, 0.00, 0.00, 1.05, 1.52, 5.02, 3.03, 8.69, 3.60, 2.38, 4.80, 2.97, 1.41, 0.96, 0.00, 0.00, 0.00, 0.00, 0.00, 0.00, 0.00
"CERRITOS",0.00, 0.00, 0.00, 0.00, 0.00, 0.00, 1.00, 6.00, 8.00, 9.00, 9.00, 9.00, 9.00, 9.00, 9.00, 8.00, 6.00, 1.00, 0.00, 0.00, 0.00, 0.00, 0.00, 0.00
"CHARQUITO",19.00, 19.00, 19.00, 19.00, 19.00, 19.00, 19.00, 19.00, 19.00, 19.00, 19.00, 19.00, 19.00, 19.00, 19.00, 19.00, 19.00, 19.00, 19.00, 19.00, 19.00, 19.00, 19.00, 19.00
"CHENCHE PURIFICACION",0.00, 0.00, 0.00, 0.00, 0.00, 0.00, 0.70, 3.40, 6.00, 8.10, 9.40, 9.60, 9.70, 9.00, 7.70, 5.70, 3.20, 0.70, 0.00, 0.00, 0.00, 0.00, 0.00, 0.00
"CHIVOR",875.00, 875.00, 875.00, 875.00, 875.00, 875.00, 875.00, 1000.00, 1000.00, 1000.00, 1000.00, 1000.00, 1000.00, 1000.00, 1000.00, 1000.00, 1000.00, 1000.00, 1000.00, 1000.00, 875.00, 875.00, 875.00, 875.00
"COCONUCO",2.80, 2.80, 2.80, 2.80, 2.80, 2.80, 2.60, 2.60, 2.60, 2.60, 2.70, 2.70, 2.70, 2.70, 2.40, 2.40, 2.40, 2.40, 2.70, 2.80, 2.70, 2.70, 2.70, 2.70
"COELLO",1.10, 1.10, 1.10, 1.10, 1.10, 1.10, 1.10, 1.10, 1.10, 1.10, 1.10, 1.10, 1.10, 1.10, 1.10, 1.10, 1.10, 1.10, 1.10, 1.10, 1.10, 1.10, 1.10, 1.10
"COGENERADOR MANUELITA 2",8.50, 8.50, 8.50, 8.50, 8.50, 8.50, 8.50, 8.50, 8.50, 8.50, 8.50, 8.50, 8.50, 8.50, 8.50, 8.50, 8.50, 8.50, 8.50, 8.50, 8.50, 8.50, 8.50, 8.50
"COGENERADOR PROENCA",0.00, 0.00, 0.00, 0.00, 0.00, 0.00, 0.00, 0.00, 0.00, 0.00, 0.00, 0.00, 0.00, 0.00, 0.00, 0.00, 0.00, 0.00, 0.00, 0.00, 0.00, 0.00, 0.00, 0.00
"COMUNIDAD EL SALVADOR I",0.00, 0.00, 0.00, 0.00, 0.00, 0.00, 0.00, 0.00, 0.00, 0.01, 0.01, 0.01, 0.01, 0.01, 0.00, 0.00, 0.00, 0.00, 0.00, 0.00, 0.00, 0.00, 0.00, 0.01
"COMUNIDAD EL SALVADOR II",0.00, 0.00, 0.00, 0.00, 0.00, 0.00, 0.00, 0.00, 0.00, 0.00, 0.00, 0.00, 0.00, 0.00, 0.00, 0.00, 0.00, 0.00, 0.00, 0.00, 0.00, 0.00, 0.00, 0.00
"CONDOR",0.00, 0.00, 0.00, 0.00, 0.00, 0.00, 2.85, 8.04, 9.08, 8.30, 9.31, 9.11, 9.31, 9.50, 8.37, 8.18, 5.70, 0.88, 0.00, 0.00, 0.00, 0.00, 0.00, 0.00
"CUCUANA",28.00, 28.00, 28.00, 26.00, 26.00, 26.00, 26.00, 26.00, 26.00, 28.00, 28.00, 28.00, 28.00, 28.00, 26.00, 22.00, 22.00, 24.00, 24.00, 24.00, 22.00, 22.00, 22.00, 22.00
"CURRUCUCUES",0.80, 0.80, 0.80, 0.80, 0.80, 0.80, 0.80, 0.80, 0.80, 0.80, 0.80, 0.80, 0.80, 0.80, 0.80, 0.80, 0.80, 0.80, 0.80, 0.80, 0.80, 0.80, 0.80, 0.80
"DARIO VALENCIA SAMPER",150.00, 150.00, 150.00, 150.00, 150.00, 150.00, 150.00, 150.00, 150.00, 150.00, 150.00, 150.00, 150.00, 150.00, 150.00, 150.00, 150.00, 150.00, 150.00, 150.00, 150.00, 150.00, 150.00, 150.00
"DELTA I",0.00, 0.00, 0.00, 0.00, 0.00, 0.01, 0.30, 0.60, 0.60, 0.70, 0.70, 0.80, 0.70, 0.70, 0.70, 0.30, 0.10, 0.05, 0.00, 0.00, 0.00, 0.00, 0.00, 0.00
"DOÑA JUANA",0.25, 0.25, 0.25, 0.25, 0.25, 0.25, 0.25, 0.25, 0.25, 0.25, 0.25, 0.25, 0.25, 0.25, 0.25, 0.25, 0.25, 0.25, 0.25, 0.25, 0.25, 0.25, 0.25, 0.25
"DRUMMOND",0.00, 0.00, 0.00, 0.00, 0.00, 0.00, 0.00, 0.00, 0.00, 0.00, 0.00, 0.00, 0.00, 0.00, 0.00, 0.00, 0.00, 0.00, 0.00, 0.00, 0.00, 0.00, 0.00, 0.00
"ECOPARQUE SOLAR LA CIRA",0.00, 0.00, 0.00, 0.00, 0.00, 0.00, 0.00, 0.00, 0.00, 0.00, 0.00, 0.00, 0.00, 0.00, 0.00, 0.00, 0.00, 0.00, 0.00, 0.00, 0.00, 0.00, 0.00, 0.00
"EL BOSQUE",1.30, 1.30, 1.30, 1.30, 1.30, 1.30, 1.30, 1.30, 1.30, 1.30, 1.30, 1.30, 1.30, 1.30, 1.30, 1.30, 1.30, 1.30, 1.30, 1.30, 1.30, 1.30, 1.30, 1.30
"EL COCUYO",0.45, 0.45, 0.45, 0.45, 0.45, 0.45, 0.45, 0.45, 0.45, 0.45, 0.45, 0.45, 0.45, 0.45, 0.45, 0.45, 0.45, 0.45, 0.45, 0.45, 0.45, 0.45, 0.45, 0.45
"EL EDEN",2.50, 2.50, 2.50, 2.50, 2.50, 2.50, 2.50, 2.50, 2.50, 2.50, 2.50, 2.50, 2.50, 2.50, 2.50, 2.50, 2.50, 5.00, 5.00, 5.00, 5.00, 2.50, 2.50, 2.50
"EL LIMONAR",18.00, 18.00, 18.00, 18.00, 18.00, 18.00, 18.00, 18.00, 18.00, 18.00, 18.00, 18.00, 18.00, 18.00, 18.00, 18.00, 18.00, 18.00, 18.00, 18.00, 18.00, 18.00, 18.00, 18.00
"EL MOLINO",11.52, 11.52, 11.52, 11.52, 11.52, 11.52, 11.52, 11.52, 11.52, 11.52, 11.52, 11.52, 11.52, 11.52, 11.52, 11.52, 11.52, 11.52, 11.52, 11.52, 11.52, 11.52, 11.52, 11.52
"EL PASO",0.00, 0.00, 0.00, 0.00, 0.00, 0.00, 7.00, 46.00, 52.00, 52.00, 63.00, 57.00, 65.00, 60.00, 58.00, 40.00, 28.00, 7.00, 0.00, 0.00, 0.00, 0.00, 0.00, 0.00
"EL POPAL",10.80, 10.80, 10.80, 10.80, 10.80, 10.80, 10.80, 10.80, 10.80, 10.80, 10.80, 10.80, 10.80, 10.80, 10.80, 10.80, 10.80, 10.80, 10.80, 10.80, 10.80, 10.80, 10.80, 10.80
"EL QUIMBO",344.00, 344.00, 344.00, 344.00, 344.00, 344.00, 344.00, 344.00, 344.00, 344.00, 344.00, 344.00, 344.00, 344.00, 344.00, 344.00, 344.00, 344.00, 344.00, 344.00, 344.00, 344.00, 344.00, 344.00
"EL TAMARINDO I",0.00, 0.00, 0.00, 0.00, 0.00, 0.00, 0.00, 1.00, 3.00, 5.00, 7.00, 7.00, 7.00, 6.00, 5.00, 3.00, 2.00, 1.00, 0.00, 0.00, 0.00, 0.00, 0.00, 0.00
"EL TAMARINDO II",0.00, 0.00, 0.00, 0.00, 0.00, 0.00, 0.00, 1.00, 3.00, 5.00, 7.00, 7.00, 7.00, 6.00, 5.00, 3.00, 2.00, 1.00, 0.00, 0.00, 0.00, 0.00, 0.00, 0.00
"ESCUELA DE MINAS",0.00, 0.00, 0.00, 0.00, 0.00, 0.00, 0.00, 0.00, 0.00, 0.00, 0.00, 0.00, 0.00, 0.00, 0.00, 0.00, 0.00, 37.00, 37.00, 37.00, 37.00, 37.00, 37.00, 37.00
"ESMERALDA",20.00, 20.00, 20.00, 20.00, 20.00, 20.00, 20.00, 20.00, 20.00, 20.00, 20.00, 20.00, 20.00, 20.00, 20.00, 20.00, 20.00, 20.00, 20.00, 20.00, 20.00, 20.00, 20.00, 20.00
"FLORES 4 CC",0.00, 0.00, 0.00, 0.00, 0.00, 0.00, 0.00, 0.00, 0.00, 0.00, 0.00, 0.00, 0.00, 0.00, 0.00, 0.00, 0.00, 0.00, 0.00, 0.00, 0.00, 0.00, 0.00, 0.00
"FLORES I CC",0.00, 0.00, 0.00, 0.00, 0.00, 0.00, 0.00, 0.00, 0.00, 0.00, 0.00, 0.00, 0.00, 0.00, 0.00, 0.00, 0.00, 0.00, 0.00, 0.00, 0.00, 0.00, 0.00, 0.00
"FLORIDA",10.92, 10.70, 10.52, 10.12, 10.18, 9.96, 9.82, 9.64, 9.88, 10.04, 10.18, 10.10, 9.36, 9.32, 9.44, 11.48, 13.90, 12.46, 13.08, 15.52, 15.28, 11.00, 11.14, 9.12
"FUNDACION",0.00, 0.00, 0.00, 0.00, 0.00, 0.00, 21.00, 45.00, 80.00, 92.00, 95.00, 98.00, 95.00, 82.00, 76.00, 69.00, 41.00, 19.00, 0.00, 0.00, 0.00, 0.00, 0.00, 0.00
"GANDALF",0.00, 0.00, 0.00, 0.00, 0.00, 0.01, 0.30, 0.60, 0.60, 0.70, 0.70, 0.80, 0.70, 0.70, 0.70, 0.30, 0.01, 0.05, 0.00, 0.00, 0.00, 0.00, 0.00, 0.00
"GD AGUSTIN I",0.00, 0.00, 0.00, 0.00, 0.00, 0.01, 0.30, 0.60, 0.60, 0.70, 0.70, 0.80, 0.70, 0.70, 0.70, 0.30, 0.10, 0.05, 0.00, 0.00, 0.00, 0.00, 0.00, 0.00
"GD AGUSTIN II",0.00, 0.00, 0.00, 0.00, 0.00, 0.01, 0.30, 0.60, 0.60, 0.70, 0.70, 0.80, 0.70, 0.70, 0.70, 0.30, 0.10, 0.05, 0.00, 0.00, 0.00, 0.00, 0.00, 0.00
"GD AGUSTIN III",0.00, 0.00, 0.00, 0.00, 0.00, 0.01, 0.30, 0.60, 0.60, 0.70, 0.70, 0.80, 0.70, 0.70, 0.70, 0.30, 0.10, 0.05, 0.00, 0.00, 0.00, 0.00, 0.00, 0.00
"GD ALAMO SOLAR",0.00, 0.00, 0.00, 0.00, 0.00, 0.00, 0.04, 0.20, 0.40, 0.58, 0.65, 0.67, 0.67, 0.67, 0.60, 0.46, 0.25, 0.04, 0.00, 0.00, 0.00, 0.00, 0.00, 0.00
"GD ALEJANDRIA I",0.00, 0.00, 0.00, 0.00, 0.00, 0.00, 0.01, 0.08, 0.23, 0.60, 0.88, 0.63, 0.85, 0.93, 0.77, 0.58, 0.36, 0.10, 0.00, 0.00, 0.00, 0.00, 0.00, 0.00
"GD ALEJANDRIA II",0.00, 0.00, 0.00, 0.00, 0.00, 0.00, 0.01, 0.08, 0.23, 0.60, 0.88, 0.63, 0.85, 0.93, 0.77, 0.58, 0.36, 0.10, 0.00, 0.00, 0.00, 0.00, 0.00, 0.00
"GD ALEJANDRIA III",0.00, 0.00, 0.00, 0.00, 0.00, 0.00, 0.01, 0.08, 0.23, 0.60, 0.88, 0.63, 0.85, 0.93, 0.77, 0.58, 0.36, 0.10, 0.00, 0.00, 0.00, 0.00, 0.00, 0.00
"GD ALFEREZ",0.00, 0.00, 0.00, 0.00, 0.00, 0.00, 0.05, 0.25, 0.52, 0.60, 0.60, 0.60, 0.60, 0.60, 0.60, 0.57, 0.22, 0.08, 0.00, 0.00, 0.00, 0.00, 0.00, 0.00
"GD ASTROLUMEN LA GARITA",0.00, 0.00, 0.00, 0.00, 0.00, 0.01, 0.30, 0.60, 0.60, 0.70, 0.70, 0.80, 0.70, 0.70, 0.70, 0.30, 0.10, 0.05, 0.00, 0.00, 0.00, 0.00, 0.00, 0.00
"GD BASILICA",0.00, 0.00, 0.00, 0.00, 0.00, 0.00, 0.01, 0.11, 0.25, 0.35, 0.50, 0.54, 0.53, 0.52, 0.45, 0.36, 0.20, 0.08, 0.00, 0.00, 0.00, 0.00, 0.00, 0.00
"GD BIOSOLAR",0.00, 0.00, 0.00, 0.00, 0.00, 0.05, 0.09, 0.10, 0.15, 0.20, 0.30, 0.40, 0.30, 0.20, 0.15, 0.10, 0.09, 0.05, 0.00, 0.00, 0.00, 0.00, 0.00, 0.00
"GD BLANCA ENERGY I",0.00, 0.00, 0.00, 0.00, 0.00, 0.00, 0.00, 0.00, 0.00, 0.00, 0.00, 0.00, 0.00, 0.00, 0.00, 0.00, 0.00, 0.00, 0.00, 0.00, 0.00, 0.00, 0.00, 0.00
"GD BLANCA ENERGY II",0.00, 0.00, 0.00, 0.00, 0.00, 0.00, 0.00, 0.00, 0.00, 0.00, 0.00, 0.00, 0.00, 0.00, 0.00, 0.00, 0.00, 0.00, 0.00, 0.00, 0.00, 0.00, 0.00, 0.00
"GD BLANCA ENERGY III",0.00, 0.00, 0.00, 0.00, 0.00, 0.00, 0.00, 0.26, 0.53, 0.75, 0.87, 0.90, 0.90, 0.89, 0.83, 0.64, 0.35, 0.03, 0.00, 0.00, 0.00, 0.00, 0.00, 0.00
"GD BLANCA ENERGY SOLAR 23",0.00, 0.00, 0.00, 0.00, 0.00, 0.00, 0.02, 0.01, 0.02, 0.05, 0.09, 0.10, 0.10, 0.09, 0.08, 0.05, 0.02, 0.01, 0.00, 0.00, 0.00, 0.00, 0.00, 0.00
"GD BLANCA ENERGY SOLAR 24",0.00, 0.00, 0.00, 0.00, 0.00, 0.00, 0.00, 0.00, 0.00, 0.00, 0.00, 0.00, 0.00, 0.00, 0.00, 0.00, 0.00, 0.00, 0.00, 0.00, 0.00, 0.00, 0.00, 0.00
"GD BOCAS DEL PALO",0.00, 0.00, 0.00, 0.00, 0.00, 0.00, 0.00, 0.10, 0.10, 0.10, 0.10, 0.10, 0.10, 0.10, 0.10, 0.10, 0.00, 0.00, 0.00, 0.00, 0.00, 0.00, 0.00, 0.00
"GD BONILLA A I",0.00, 0.00, 0.00, 0.00, 0.00, 0.00, 0.05, 0.26, 0.45, 0.59, 0.67, 0.72, 0.73, 0.72, 0.69, 0.62, 0.41, 0.11, 0.00, 0.00, 0.00, 0.00, 0.00, 0.00
"GD BONILLA A II",0.00, 0.00, 0.00, 0.00, 0.00, 0.00, 0.05, 0.26, 0.45, 0.59, 0.67, 0.72, 0.73, 0.72, 0.69, 0.62, 0.41, 0.11, 0.00, 0.00, 0.00, 0.00, 0.00, 0.00
"GD BONILLA A III",0.00, 0.00, 0.00, 0.00, 0.00, 0.00, 0.05, 0.26, 0.45, 0.59, 0.67, 0.72, 0.73, 0.72, 0.69, 0.62, 0.41, 0.11, 0.00, 0.00, 0.00, 0.00, 0.00, 0.00
"GD BONILLA A IV",0.00, 0.00, 0.00, 0.00, 0.00, 0.00, 0.05, 0.26, 0.45, 0.59, 0.67, 0.72, 0.73, 0.72, 0.69, 0.62, 0.41, 0.11, 0.00, 0.00, 0.00, 0.00, 0.00, 0.00
"GD BONILLA A V",0.00, 0.00, 0.00, 0.00, 0.00, 0.00, 0.05, 0.26, 0.45, 0.59, 0.67, 0.72, 0.73, 0.72, 0.69, 0.62, 0.41, 0.11, 0.00, 0.00, 0.00, 0.00, 0.00, 0.00
"GD CADILLO II",0.00, 0.00, 0.00, 0.00, 0.00, 0.00, 0.05, 0.26, 0.45, 0.59, 0.67, 0.72, 0.73, 0.72, 0.69, 0.62, 0.41, 0.11, 0.00, 0.00, 0.00, 0.00, 0.00, 0.00
"GD CANARIOS I",0.00, 0.00, 0.00, 0.00, 0.00, 0.00, 0.05, 0.26, 0.45, 0.59, 0.67, 0.72, 0.73, 0.72, 0.69, 0.62, 0.41, 0.11, 0.00, 0.00, 0.00, 0.00, 0.00, 0.00
"GD CANARIOS II",0.00, 0.00, 0.00, 0.00, 0.00, 0.00, 0.05, 0.26, 0.45, 0.59, 0.67, 0.72, 0.73, 0.72, 0.69, 0.62, 0.41, 0.11, 0.00, 0.00, 0.00, 0.00, 0.00, 0.00
"GD CANARIOS III",0.00, 0.00, 0.00, 0.00, 0.00, 0.00, 0.05, 0.26, 0.45, 0.59, 0.67, 0.72, 0.73, 0.72, 0.69, 0.62, 0.41, 0.11, 0.00, 0.00, 0.00, 0.00, 0.00, 0.00
"GD CARACOL I",0.00, 0.00, 0.00, 0.00, 0.00, 0.00, 0.05, 0.26, 0.45, 0.59, 0.67, 0.72, 0.73, 0.72, 0.69, 0.62, 0.41, 0.11, 0.00, 0.00, 0.00, 0.00, 0.00, 0.00
"GD CARACOL II",0.00, 0.00, 0.00, 0.00, 0.00, 0.00, 0.05, 0.26, 0.45, 0.59, 0.67, 0.72, 0.73, 0.72, 0.69, 0.62, 0.41, 0.11, 0.00, 0.00, 0.00, 0.00, 0.00, 0.00
"GD CARACOL III",0.00, 0.00, 0.00, 0.00, 0.00, 0.00, 0.05, 0.26, 0.45, 0.59, 0.67, 0.72, 0.73, 0.72, 0.69, 0.62, 0.41, 0.11, 0.00, 0.00, 0.00, 0.00, 0.00, 0.00
"GD CHICORAL",0.00, 0.00, 0.00, 0.00, 0.00, 0.00, 0.02, 0.16, 0.31, 0.43, 0.51, 0.57, 0.57, 0.54, 0.46, 0.33, 0.21, 0.06, 0.00, 0.00, 0.00, 0.00, 0.00, 0.00
"GD CHIMBI",0.00, 0.00, 0.00, 0.00, 0.00, 0.00, 0.08, 0.31, 0.59, 0.72, 0.83, 0.90, 0.88, 0.80, 0.67, 0.48, 0.22, 0.06, 0.00, 0.00, 0.00, 0.00, 0.00, 0.00
"GD CHIRIGUANA NORTE I",0.00, 0.00, 0.00, 0.00, 0.00, 0.01, 0.30, 0.60, 0.60, 0.70, 0.70, 0.80, 0.70, 0.70, 0.70, 0.30, 0.10, 0.05, 0.00, 0.00, 0.00, 0.00, 0.00, 0.00
"GD CHIRIGUANA NORTE II",0.00, 0.00, 0.00, 0.00, 0.00, 0.01, 0.30, 0.60, 0.60, 0.70, 0.70, 0.80, 0.70, 0.70, 0.70, 0.30, 0.10, 0.05, 0.00, 0.00, 0.00, 0.00, 0.00, 0.00
"GD CHIRIGUANA NORTE IV",0.00, 0.00, 0.00, 0.00, 0.00, 0.01, 0.30, 0.60, 0.60, 0.70, 0.70, 0.80, 0.70, 0.70, 0.70, 0.30, 0.10, 0.05, 0.00, 0.00, 0.00, 0.00, 0.00, 0.00
"GD CORALITO",0.00, 0.00, 0.00, 0.00, 0.00, 0.00, 0.01, 0.18, 0.31, 0.47, 0.70, 0.87, 0.88, 0.86, 0.50, 0.10, 0.08, 0.01, 0.00, 0.00, 0.00, 0.00, 0.00, 0.00
"GD CSF ARENALES I",0.00, 0.00, 0.00, 0.00, 0.00, 0.00, 0.01, 0.11, 0.28, 0.56, 0.64, 0.73, 0.81, 0.75, 0.64, 0.48, 0.20, 0.04, 0.00, 0.00, 0.00, 0.00, 0.00, 0.00
"GD DELTA II",0.00, 0.00, 0.00, 0.00, 0.00, 0.01, 0.30, 0.60, 0.60, 0.70, 0.70, 0.80, 0.70, 0.70, 0.70, 0.30, 0.10, 0.05, 0.00, 0.00, 0.00, 0.00, 0.00, 0.00
"GD DIOCESIS DE RIOHACHA",0.00, 0.00, 0.00, 0.00, 0.00, 0.00, 0.00, 0.00, 0.00, 0.00, 0.00, 0.00, 0.00, 0.00, 0.00, 0.00, 0.00, 0.00, 0.00, 0.00, 0.00, 0.00, 0.00, 0.00
"GD EDEQ SOLAR LA TEBAIDA",0.00, 0.00, 0.00, 0.00, 0.00, 0.01, 0.03, 0.05, 0.07, 0.08, 0.09, 0.09, 0.09, 0.07, 0.05, 0.03, 0.01, 0.01, 0.00, 0.00, 0.00, 0.00, 0.00, 0.00
"GD EDEQ SOLAR MONTENEGRO",0.00, 0.00, 0.00, 0.00, 0.00, 0.01, 0.02, 0.04, 0.05, 0.06, 0.07, 0.07, 0.07, 0.06, 0.04, 0.02, 0.01, 0.01, 0.00, 0.00, 0.00, 0.00, 0.00, 0.00
"GD EL BANCO",0.00, 0.00, 0.00, 0.00, 0.00, 0.00, 0.03, 0.22, 0.49, 0.69, 0.81, 0.88, 0.86, 0.82, 0.70, 0.52, 0.28, 0.05, 0.00, 0.00, 0.00, 0.00, 0.00, 0.00
"GD EL CASTILLO I",0.00, 0.00, 0.00, 0.00, 0.00, 0.00, 0.05, 0.26, 0.45, 0.59, 0.67, 0.72, 0.73, 0.72, 0.69, 0.62, 0.41, 0.11, 0.00, 0.00, 0.00, 0.00, 0.00, 0.00
"GD EL CASTILLO II",0.00, 0.00, 0.00, 0.00, 0.00, 0.00, 0.05, 0.26, 0.45, 0.59, 0.67, 0.72, 0.73, 0.72, 0.69, 0.62, 0.41, 0.11, 0.00, 0.00, 0.00, 0.00, 0.00, 0.00
"GD EL CASTILLO III",0.00, 0.00, 0.00, 0.00, 0.00, 0.00, 0.05, 0.26, 0.45, 0.59, 0.67, 0.72, 0.73, 0.72, 0.69, 0.62, 0.41, 0.11, 0.00, 0.00, 0.00, 0.00, 0.00, 0.00
"GD EL CASTILLO IV",0.00, 0.00, 0.00, 0.00, 0.00, 0.00, 0.05, 0.26, 0.45, 0.59, 0.67, 0.72, 0.73, 0.72, 0.69, 0.62, 0.41, 0.11, 0.00, 0.00, 0.00, 0.00, 0.00, 0.00
"GD EL CASTILLO V",0.00, 0.00, 0.00, 0.00, 0.00, 0.00, 0.05, 0.26, 0.45, 0.59, 0.67, 0.72, 0.73, 0.72, 0.69, 0.62, 0.41, 0.11, 0.00, 0.00, 0.00, 0.00, 0.00, 0.00
"GD EL PASO NORTE",0.00, 0.00, 0.00, 0.00, 0.00, 0.01, 0.30, 0.60, 0.60, 0.70, 0.70, 0.80, 0.70, 0.70, 0.70, 0.30, 0.10, 0.05, 0.00, 0.00, 0.00, 0.00, 0.00, 0.00
"GD EL ROBLE",0.00, 0.00, 0.00, 0.00, 0.00, 0.00, 0.08, 0.39, 0.54, 0.78, 0.57, 0.76, 0.83, 0.69, 0.52, 0.32, 0.08, 0.01, 0.00, 0.00, 0.00, 0.00, 0.00, 0.00
"GD ELECTRA",0.00, 0.00, 0.00, 0.00, 0.00, 0.01, 0.30, 0.60, 0.60, 0.70, 0.70, 0.80, 0.70, 0.70, 0.70, 0.30, 0.10, 0.05, 0.00, 0.00, 0.00, 0.00, 0.00, 0.00
"GD EMPERATRIZ I",0.00, 0.00, 0.00, 0.00, 0.00, 0.00, 0.01, 0.18, 0.31, 0.47, 0.70, 0.87, 0.88, 0.86, 0.50, 0.10, 0.08, 0.01, 0.00, 0.00, 0.00, 0.00, 0.00, 0.00
"GD EMPERATRIZ II",0.00, 0.00, 0.00, 0.00, 0.00, 0.00, 0.01, 0.18, 0.31, 0.47, 0.70, 0.87, 0.88, 0.86, 0.50, 0.10, 0.08, 0.01, 0.00, 0.00, 0.00, 0.00, 0.00, 0.00
"GD ENCANTO",0.00, 0.00, 0.00, 0.00, 0.00, 0.00, 0.00, 0.30, 0.60, 0.70, 0.90, 0.90, 0.70, 0.60, 0.50, 0.40, 0.20, 0.00, 0.00, 0.00, 0.00, 0.00, 0.00, 0.00
"GD ERCO GUAMO I",0.00, 0.00, 0.00, 0.00, 0.00, 0.00, 0.06, 0.23, 0.45, 0.67, 0.79, 0.85, 0.85, 0.77, 0.63, 0.43, 0.18, 0.02, 0.00, 0.00, 0.00, 0.00, 0.00, 0.00
"GD ERCO GUAMO II",0.00, 0.00, 0.00, 0.00, 0.00, 0.00, 0.06, 0.23, 0.45, 0.67, 0.79, 0.85, 0.85, 0.77, 0.63, 0.43, 0.18, 0.02, 0.00, 0.00, 0.00, 0.00, 0.00, 0.00
"GD ERCO GUAMO III",0.00, 0.00, 0.00, 0.00, 0.00, 0.00, 0.06, 0.23, 0.45, 0.67, 0.79, 0.85, 0.85, 0.77, 0.63, 0.43, 0.18, 0.02, 0.00, 0.00, 0.00, 0.00, 0.00, 0.00
"GD ERCO GUAMO IV",0.00, 0.00, 0.00, 0.00, 0.00, 0.00, 0.06, 0.23, 0.45, 0.67, 0.79, 0.85, 0.85, 0.77, 0.63, 0.43, 0.18, 0.02, 0.00, 0.00, 0.00, 0.00, 0.00, 0.00
"GD ERCO ISIDORI",0.00, 0.00, 0.00, 0.00, 0.00, 0.00, 0.06, 0.27, 0.46, 0.61, 0.70, 0.73, 0.72, 0.67, 0.57, 0.43, 0.23, 0.04, 0.00, 0.00, 0.00, 0.00, 0.00, 0.00
"GD ERCO LAS PIEDRAS I",0.00, 0.00, 0.00, 0.00, 0.00, 0.00, 0.06, 0.24, 0.46, 0.68, 0.78, 0.86, 0.87, 0.76, 0.64, 0.44, 0.17, 0.02, 0.00, 0.00, 0.00, 0.00, 0.00, 0.00
"GD ERCO LAS PIEDRAS II",0.00, 0.00, 0.00, 0.00, 0.00, 0.00, 0.06, 0.24, 0.46, 0.68, 0.78, 0.86, 0.87, 0.76, 0.64, 0.44, 0.17, 0.02, 0.00, 0.00, 0.00, 0.00, 0.00, 0.00
"GD ERCO MARIANGOLA",0.00, 0.00, 0.00, 0.00, 0.00, 0.00, 0.06, 0.23, 0.45, 0.67, 0.79, 0.85, 0.85, 0.77, 0.63, 0.43, 0.18, 0.02, 0.00, 0.00, 0.00, 0.00, 0.00, 0.00
"GD ERCO PALMAS",0.00, 0.00, 0.00, 0.00, 0.00, 0.00, 0.00, 0.00, 0.00, 0.00, 0.00, 0.00, 0.00, 0.00, 0.00, 0.00, 0.00, 0.00, 0.00, 0.00, 0.00, 0.00, 0.00, 0.00
"GD ERCO SALDANA I",0.00, 0.00, 0.00, 0.00, 0.00, 0.00, 0.06, 0.22, 0.45, 0.67, 0.79, 0.85, 0.85, 0.77, 0.63, 0.43, 0.18, 0.02, 0.00, 0.00, 0.00, 0.00, 0.00, 0.00
"GD ERCO SALDANA II",0.00, 0.00, 0.00, 0.00, 0.00, 0.00, 0.06, 0.22, 0.45, 0.67, 0.79, 0.85, 0.85, 0.77, 0.63, 0.43, 0.18, 0.02, 0.00, 0.00, 0.00, 0.00, 0.00, 0.00
"GD ERCO TOLDADO",0.00, 0.00, 0.00, 0.00, 0.00, 0.00, 0.02, 0.06, 0.30, 0.66, 0.97, 0.96, 0.86, 0.79, 0.61, 0.47, 0.28, 0.09, 0.00, 0.00, 0.00, 0.00, 0.00, 0.00
"GD ESPERANZA I",0.00, 0.00, 0.00, 0.00, 0.00, 0.00, 0.16, 0.27, 0.39, 0.52, 0.61, 0.65, 0.61, 0.52, 0.39, 0.27, 0.16, 0.00, 0.00, 0.00, 0.00, 0.00, 0.00, 0.00
"GD ESPERANZA II",0.00, 0.00, 0.00, 0.00, 0.00, 0.00, 0.17, 0.32, 0.46, 0.56, 0.63, 0.65, 0.63, 0.56, 0.46, 0.32, 0.17, 0.00, 0.00, 0.00, 0.00, 0.00, 0.00, 0.00
"GD FINCA ISABEL LOPEZ",0.00, 0.00, 0.00, 0.00, 0.00, 0.00, 0.01, 0.04, 0.07, 0.12, 0.08, 0.07, 0.06, 0.05, 0.02, 0.00, 0.00, 0.00, 0.00, 0.00, 0.00, 0.00, 0.00, 0.00
"GD FINCA JM",0.00, 0.00, 0.00, 0.00, 0.00, 0.00, 0.01, 0.04, 0.07, 0.12, 0.08, 0.07, 0.06, 0.05, 0.02, 0.00, 0.00, 0.00, 0.00, 0.00, 0.00, 0.00, 0.00, 0.00
"GD GALILEO SOLAR",0.00, 0.00, 0.00, 0.00, 0.00, 0.00, 0.04, 0.02, 0.04, 0.06, 0.07, 0.06, 0.06, 0.06, 0.05, 0.05, 0.02, 0.01, 0.00, 0.00, 0.00, 0.00, 0.00, 0.00
"GD GOLONDRINA",0.00, 0.00, 0.00, 0.00, 0.00, 0.00, 0.01, 0.18, 0.31, 0.47, 0.70, 0.87, 0.88, 0.86, 0.50, 0.10, 0.08, 0.01, 0.00, 0.00, 0.00, 0.00, 0.00, 0.00
"GD GRANJA LA RUBIELA",0.00, 0.00, 0.00, 0.00, 0.00, 0.00, 0.05, 0.17, 0.32, 0.49, 0.58, 0.54, 0.52, 0.46, 0.38, 0.29, 0.16, 0.08, 0.00, 0.00, 0.00, 0.00, 0.00, 0.00
"GD GRANJA SAN PELAYO",0.00, 0.00, 0.00, 0.00, 0.00, 0.00, 0.04, 0.20, 0.39, 0.56, 0.74, 0.85, 0.91, 0.83, 0.71, 0.48, 0.27, 0.09, 0.00, 0.00, 0.00, 0.00, 0.00, 0.00
"GD JARDINCITO",0.00, 0.00, 0.00, 0.00, 0.00, 0.00, 0.04, 0.02, 0.04, 0.06, 0.07, 0.06, 0.06, 0.06, 0.05, 0.05, 0.02, 0.01, 0.00, 0.00, 0.00, 0.00, 0.00, 0.00
"GD LA CACICA",0.00, 0.00, 0.00, 0.00, 0.00, 0.01, 0.30, 0.60, 0.60, 0.70, 0.70, 0.80, 0.70, 0.70, 0.70, 0.30, 0.10, 0.05, 0.00, 0.00, 0.00, 0.00, 0.00, 0.00
"GD LA CATEDRAL",0.00, 0.00, 0.00, 0.00, 0.00, 0.01, 0.30, 0.60, 0.60, 0.70, 0.70, 0.80, 0.70, 0.70, 0.70, 0.30, 0.10, 0.05, 0.00, 0.00, 0.00, 0.00, 0.00, 0.00
"GD LA HONDA",0.00, 0.00, 0.00, 0.00, 0.00, 0.00, 0.02, 0.17, 0.42, 0.66, 0.80, 0.76, 0.89, 0.79, 0.58, 0.23, 0.36, 0.09, 0.00, 0.00, 0.00, 0.00, 0.00, 0.00
"GD LA MACANA",0.00, 0.00, 0.00, 0.00, 0.00, 0.00, 0.00, 0.03, 0.12, 0.25, 0.37, 0.45, 0.47, 0.47, 0.46, 0.43, 0.33, 0.18, 0.01, 0.00, 0.00, 0.00, 0.00, 0.00
"GD LA URIBE",0.00, 0.00, 0.00, 0.00, 0.00, 0.00, 0.07, 0.26, 0.56, 0.60, 0.60, 0.60, 0.60, 0.60, 0.60, 0.50, 0.27, 0.07, 0.00, 0.00, 0.00, 0.00, 0.00, 0.00
"GD LAS MERCEDES I",0.00, 0.00, 0.00, 0.00, 0.00, 0.00, 0.04, 0.21, 0.42, 0.58, 0.63, 0.66, 0.62, 0.61, 0.56, 0.32, 0.18, 0.06, 0.00, 0.00, 0.00, 0.00, 0.00, 0.00
"GD LAS MERCEDES II",0.00, 0.00, 0.00, 0.00, 0.00, 0.06, 0.27, 0.54, 0.75, 0.81, 0.83, 0.83, 0.79, 0.71, 0.42, 0.24, 0.08, 0.00, 0.00, 0.00, 0.00, 0.00, 0.00, 0.00
"GD LAS PILONERAS",0.00, 0.00, 0.00, 0.00, 0.00, 0.01, 0.30, 0.60, 0.60, 0.70, 0.70, 0.80, 0.70, 0.70, 0.70, 0.30, 0.10, 0.05, 0.00, 0.00, 0.00, 0.00, 0.00, 0.00
"GD LOS CHORROS",0.00, 0.00, 0.00, 0.00, 0.00, 0.00, 0.04, 0.18, 0.37, 0.46, 0.54, 0.47, 0.54, 0.51, 0.43, 0.30, 0.14, 0.02, 0.00, 0.00, 0.00, 0.00, 0.00, 0.00
"GD LYRA",0.00, 0.00, 0.00, 0.00, 0.00, 0.01, 0.30, 0.60, 0.60, 0.70, 0.70, 0.80, 0.70, 0.70, 0.70, 0.30, 0.10, 0.05, 0.00, 0.00, 0.00, 0.00, 0.00, 0.00
"GD LYRA II",0.00, 0.00, 0.00, 0.00, 0.00, 0.01, 0.30, 0.60, 0.60, 0.70, 0.70, 0.80, 0.70, 0.70, 0.70, 0.30, 0.10, 0.05, 0.00, 0.00, 0.00, 0.00, 0.00, 0.00
"GD MEISSA II",0.00, 0.00, 0.00, 0.00, 0.00, 0.00, 0.04, 0.02, 0.04, 0.06, 0.07, 0.06, 0.06, 0.06, 0.05, 0.05, 0.02, 0.01, 0.00, 0.00, 0.00, 0.00, 0.00, 0.00
"GD MGS 0013 LA MESA",0.00, 0.00, 0.00, 0.00, 0.00, 0.01, 0.30, 0.60, 0.60, 0.70, 0.80, 0.90, 0.80, 0.70, 0.70, 0.30, 0.10, 0.05, 0.00, 0.00, 0.00, 0.00, 0.00, 0.00
"GD NAOS I",0.00, 0.00, 0.00, 0.00, 0.00, 0.01, 0.30, 0.60, 0.60, 0.70, 0.70, 0.80, 0.70, 0.70, 0.70, 0.30, 0.01, 0.05, 0.00, 0.00, 0.00, 0.00, 0.00, 0.00
"GD NAOS II",0.00, 0.00, 0.00, 0.00, 0.00, 0.01, 0.30, 0.60, 0.60, 0.70, 0.70, 0.80, 0.70, 0.70, 0.70, 0.30, 0.10, 0.05, 0.00, 0.00, 0.00, 0.00, 0.00, 0.00
"GD NAOS III",0.00, 0.00, 0.00, 0.00, 0.00, 0.01, 0.30, 0.60, 0.60, 0.70, 0.70, 0.80, 0.70, 0.70, 0.70, 0.30, 0.10, 0.05, 0.00, 0.00, 0.00, 0.00, 0.00, 0.00
"GD NAOS IV",0.00, 0.00, 0.00, 0.00, 0.00, 0.01, 0.30, 0.60, 0.60, 0.70, 0.70, 0.80, 0.70, 0.70, 0.70, 0.30, 0.10, 0.05, 0.00, 0.00, 0.00, 0.00, 0.00, 0.00
"GD NOVA I",0.00, 0.00, 0.00, 0.00, 0.00, 0.01, 0.30, 0.60, 0.60, 0.70, 0.70, 0.80, 0.70, 0.70, 0.70, 0.30, 0.10, 0.05, 0.00, 0.00, 0.00, 0.00, 0.00, 0.00
"GD ORBIS",0.00, 0.00, 0.00, 0.00, 0.00, 0.01, 0.30, 0.60, 0.60, 0.70, 0.70, 0.80, 0.70, 0.70, 0.70, 0.30, 0.10, 0.05, 0.00, 0.00, 0.00, 0.00, 0.00, 0.00
"GD PALERMO",0.00, 0.00, 0.00, 0.00, 0.00, 0.00, 0.07, 0.29, 0.57, 0.82, 0.86, 0.89, 0.90, 0.83, 0.70, 0.41, 0.24, 0.05, 0.00, 0.00, 0.00, 0.00, 0.00, 0.00
"GD PALMERAS I",0.00, 0.00, 0.00, 0.00, 0.00, 0.00, 0.05, 0.26, 0.45, 0.59, 0.67, 0.72, 0.73, 0.72, 0.69, 0.62, 0.41, 0.11, 0.00, 0.00, 0.00, 0.00, 0.00, 0.00
"GD PALMERAS II",0.00, 0.00, 0.00, 0.00, 0.00, 0.00, 0.05, 0.26, 0.45, 0.59, 0.67, 0.72, 0.73, 0.72, 0.69, 0.62, 0.41, 0.11, 0.00, 0.00, 0.00, 0.00, 0.00, 0.00
"GD PALMERAS III",0.00, 0.00, 0.00, 0.00, 0.00, 0.00, 0.05, 0.26, 0.45, 0.59, 0.67, 0.72, 0.73, 0.72, 0.69, 0.62, 0.41, 0.11, 0.00, 0.00, 0.00, 0.00, 0.00, 0.00
"GD PALMERAS IV",0.00, 0.00, 0.00, 0.00, 0.00, 0.00, 0.05, 0.26, 0.45, 0.59, 0.67, 0.72, 0.73, 0.72, 0.69, 0.62, 0.41, 0.11, 0.00, 0.00, 0.00, 0.00, 0.00, 0.00
"GD PARQUE SOLAR GRANADA I",0.00, 0.00, 0.00, 0.00, 0.00, 0.00, 0.02, 0.17, 0.30, 0.45, 0.50, 0.50, 0.50, 0.35, 0.25, 0.20, 0.15, 0.04, 0.00, 0.00, 0.00, 0.00, 0.00, 0.00
"GD PARQUE SOLAR GRANADA II",0.00, 0.00, 0.00, 0.00, 0.00, 0.02, 0.17, 0.30, 0.45, 0.50, 0.50, 0.50, 0.50, 0.35, 0.25, 0.20, 0.15, 0.00, 0.00, 0.00, 0.00, 0.00, 0.00, 0.00
"GD PARQUE SOLAR LA ESPERANZA",0.00, 0.00, 0.00, 0.00, 0.00, 0.02, 0.17, 0.30, 0.45, 0.50, 0.50, 0.50, 0.50, 0.35, 0.25, 0.20, 0.15, 0.00, 0.00, 0.00, 0.00, 0.00, 0.00, 0.00
"GD PARQUE SOLAR TRONCAL",0.00, 0.00, 0.00, 0.00, 0.00, 0.02, 0.17, 0.30, 0.45, 0.50, 0.50, 0.50, 0.50, 0.35, 0.25, 0.20, 0.15, 0.00, 0.00, 0.00, 0.00, 0.00, 0.00, 0.00
"GD PEGASUS SOLAR",0.00, 0.00, 0.00, 0.00, 0.00, 0.00, 0.04, 0.02, 0.04, 0.06, 0.07, 0.06, 0.06, 0.06, 0.05, 0.05, 0.02, 0.01, 0.00, 0.00, 0.00, 0.00, 0.00, 0.00
"GD PIEDECUESTA I",0.00, 0.00, 0.00, 0.00, 0.00, 0.00, 0.00, 0.00, 0.00, 0.00, 0.00, 0.00, 0.00, 0.00, 0.00, 0.00, 0.00, 0.00, 0.00, 0.00, 0.00, 0.00, 0.00, 0.00
"GD PIEDECUESTA II",0.00, 0.00, 0.00, 0.00, 0.00, 0.00, 0.00, 0.00, 0.00, 0.00, 0.00, 0.00, 0.00, 0.00, 0.00, 0.00, 0.00, 0.00, 0.00, 0.00, 0.00, 0.00, 0.00, 0.00
"GD POLARIS II",0.00, 0.00, 0.00, 0.00, 0.00, 0.01, 0.30, 0.60, 0.60, 0.70, 0.70, 0.80, 0.70, 0.70, 0.70, 0.30, 0.10, 0.05, 0.00, 0.00, 0.00, 0.00, 0.00, 0.00
"GD POLARIS III",0.00, 0.00, 0.00, 0.00, 0.00, 0.01, 0.30, 0.60, 0.60, 0.70, 0.70, 0.80, 0.70, 0.70, 0.70, 0.30, 0.10, 0.05, 0.00, 0.00, 0.00, 0.00, 0.00, 0.00
"GD PULOY",0.00, 0.00, 0.00, 0.00, 0.00, 0.01, 0.30, 0.60, 0.60, 0.70, 0.70, 0.80, 0.70, 0.70, 0.70, 0.30, 0.10, 0.05, 0.00, 0.00, 0.00, 0.00, 0.00, 0.00
"GD PXV I",0.00, 0.00, 0.00, 0.00, 0.00, 0.01, 0.10, 0.38, 0.60, 0.70, 0.80, 0.85, 0.85, 0.85, 0.70, 0.50, 0.22, 0.02, 0.00, 0.00, 0.00, 0.00, 0.00, 0.00
"GD PXV IV",0.00, 0.00, 0.00, 0.00, 0.00, 0.01, 0.10, 0.38, 0.60, 0.70, 0.80, 0.85, 0.85, 0.85, 0.70, 0.50, 0.22, 0.02, 0.00, 0.00, 0.00, 0.00, 0.00, 0.00
"GD SABANA DE TORRES",0.00, 0.00, 0.00, 0.00, 0.00, 0.01, 0.30, 0.60, 0.60, 0.70, 0.70, 0.80, 0.70, 0.70, 0.70, 0.30, 0.10, 0.05, 0.00, 0.00, 0.00, 0.00, 0.00, 0.00
"GD SAN MARTIN",0.00, 0.00, 0.00, 0.00, 0.00, 0.00, 0.03, 0.17, 0.30, 0.45, 0.50, 0.44, 0.50, 0.35, 0.25, 0.33, 0.17, 0.04, 0.00, 0.00, 0.00, 0.00, 0.00, 0.00
"GD SAN MARTIN II",0.00, 0.00, 0.00, 0.00, 0.00, 0.00, 0.02, 0.17, 0.30, 0.45, 0.50, 0.50, 0.50, 0.35, 0.25, 0.33, 0.17, 0.04, 0.00, 0.00, 0.00, 0.00, 0.00, 0.00
"GD SAN MARTIN III",0.00, 0.00, 0.00, 0.00, 0.00, 0.00, 0.02, 0.17, 0.30, 0.45, 0.50, 0.50, 0.50, 0.35, 0.25, 0.20, 0.15, 0.04, 0.00, 0.00, 0.00, 0.00, 0.00, 0.00
"GD SAN ONOFRE I",0.00, 0.00, 0.00, 0.00, 0.00, 0.00, 0.04, 0.24, 0.47, 0.65, 0.75, 0.72, 0.73, 0.70, 0.61, 0.46, 0.28, 0.08, 0.00, 0.00, 0.00, 0.00, 0.00, 0.00
"GD SAN ONOFRE II",0.00, 0.00, 0.00, 0.00, 0.00, 0.00, 0.04, 0.25, 0.50, 0.69, 0.78, 0.75, 0.76, 0.73, 0.64, 0.49, 0.29, 0.07, 0.00, 0.00, 0.00, 0.00, 0.00, 0.00
"GD SAN ONOFRE III",0.00, 0.00, 0.00, 0.00, 0.00, 0.00, 0.06, 0.28, 0.52, 0.70, 0.78, 0.75, 0.75, 0.73, 0.66, 0.51, 0.32, 0.10, 0.00, 0.00, 0.00, 0.00, 0.00, 0.00
"GD SAN PELAYO",0.00, 0.00, 0.00, 0.00, 0.00, 0.01, 0.30, 0.60, 0.60, 0.70, 0.70, 0.80, 0.70, 0.70, 0.70, 0.30, 0.10, 0.05, 0.00, 0.00, 0.00, 0.00, 0.00, 0.00
"GD SEMILLA DE EL PASO IIIA",0.00, 0.00, 0.00, 0.00, 0.00, 0.00, 0.06, 0.23, 0.45, 0.67, 0.79, 0.85, 0.85, 0.77, 0.63, 0.43, 0.18, 0.02, 0.00, 0.00, 0.00, 0.00, 0.00, 0.00
"GD SEMILLA DE EL PASO IVA",0.00, 0.00, 0.00, 0.00, 0.00, 0.00, 0.06, 0.23, 0.45, 0.67, 0.79, 0.85, 0.85, 0.77, 0.63, 0.43, 0.18, 0.02, 0.00, 0.00, 0.00, 0.00, 0.00, 0.00
"GD SEMILLA DE GUACAMAYAL II",0.00, 0.00, 0.00, 0.00, 0.00, 0.00, 0.01, 0.04, 0.07, 0.12, 0.08, 0.07, 0.06, 0.05, 0.02, 0.00, 0.00, 0.00, 0.00, 0.00, 0.00, 0.00, 0.00, 0.00
"GD SEMILLA DEL PASO IA",0.00, 0.00, 0.00, 0.00, 0.00, 0.00, 0.06, 0.23, 0.45, 0.67, 0.79, 0.85, 0.85, 0.77, 0.63, 0.43, 0.18, 0.02, 0.00, 0.00, 0.00, 0.00, 0.00, 0.00
"GD SEMILLA DEL PASO III",0.00, 0.00, 0.00, 0.00, 0.00, 0.00, 0.06, 0.23, 0.45, 0.67, 0.79, 0.85, 0.85, 0.77, 0.63, 0.43, 0.18, 0.02, 0.00, 0.00, 0.00, 0.00, 0.00, 0.00
"GD SEMILLAS MONTERIA I",0.00, 0.00, 0.00, 0.00, 0.00, 0.00, 0.01, 0.18, 0.31, 0.47, 0.70, 0.87, 0.88, 0.86, 0.50, 0.10, 0.08, 0.01, 0.00, 0.00, 0.00, 0.00, 0.00, 0.00
"GD SEMILLAS MONTERIA II",0.00, 0.00, 0.00, 0.00, 0.00, 0.00, 0.01, 0.18, 0.31, 0.47, 0.70, 0.87, 0.88, 0.86, 0.50, 0.10, 0.08, 0.01, 0.00, 0.00, 0.00, 0.00, 0.00, 0.00
"GD SEVILLANO RURAL I",0.00, 0.00, 0.00, 0.00, 0.00, 0.00, 0.04, 0.02, 0.04, 0.06, 0.07, 0.06, 0.06, 0.06, 0.05, 0.05, 0.02, 0.01, 0.00, 0.00, 0.00, 0.00, 0.00, 0.00
"GD SEVILLANO RURAL II",0.00, 0.00, 0.00, 0.00, 0.00, 0.00, 0.04, 0.02, 0.04, 0.06, 0.07, 0.06, 0.06, 0.06, 0.05, 0.05, 0.02, 0.01, 0.00, 0.00, 0.00, 0.00, 0.00, 0.00
"GD SINAI",0.00, 0.00, 0.00, 0.00, 0.00, 0.00, 0.17, 0.32, 0.46, 0.56, 0.63, 0.65, 0.63, 0.56, 0.46, 0.32, 0.17, 0.00, 0.00, 0.00, 0.00, 0.00, 0.00, 0.00
"GD SOL Y CIELO X",0.00, 0.00, 0.00, 0.00, 0.00, 0.01, 0.30, 0.60, 0.60, 0.70, 0.80, 0.90, 0.80, 0.70, 0.70, 0.30, 0.10, 0.05, 0.00, 0.00, 0.00, 0.00, 0.00, 0.00
"GD SOLYCIELO 9",0.00, 0.00, 0.00, 0.00, 0.00, 0.01, 0.30, 0.60, 0.60, 0.70, 0.80, 0.90, 0.80, 0.70, 0.70, 0.30, 0.10, 0.05, 0.00, 0.00, 0.00, 0.00, 0.00, 0.00
"GD SUAMOX",0.00, 0.00, 0.00, 0.00, 0.00, 0.06, 0.18, 0.33, 0.45, 0.63, 0.69, 0.26, 0.48, 0.45, 0.18, 0.06, 0.06, 0.00, 0.00, 0.00, 0.00, 0.00, 0.00, 0.00
"GD TAURUS IX",0.00, 0.00, 0.00, 0.00, 0.00, 0.01, 0.30, 0.60, 0.60, 0.70, 0.70, 0.80, 0.70, 0.70, 0.70, 0.30, 0.10, 0.05, 0.00, 0.00, 0.00, 0.00, 0.00, 0.00
"GD TAURUS VIII",0.00, 0.00, 0.00, 0.00, 0.00, 0.01, 0.30, 0.60, 0.60, 0.70, 0.70, 0.80, 0.70, 0.70, 0.70, 0.30, 0.10, 0.05, 0.00, 0.00, 0.00, 0.00, 0.00, 0.00
"GD TAURUS X",0.00, 0.00, 0.00, 0.00, 0.00, 0.01, 0.30, 0.60, 0.60, 0.70, 0.70, 0.80, 0.70, 0.70, 0.70, 0.30, 0.10, 0.05, 0.00, 0.00, 0.00, 0.00, 0.00, 0.00
"GD VEGA I",0.00, 0.00, 0.00, 0.00, 0.00, 0.01, 0.30, 0.60, 0.60, 0.70, 0.70, 0.80, 0.70, 0.70, 0.70, 0.30, 0.10, 0.05, 0.00, 0.00, 0.00, 0.00, 0.00, 0.00
"GD VEGA II",0.00, 0.00, 0.00, 0.00, 0.00, 0.01, 0.30, 0.60, 0.60, 0.70, 0.70, 0.80, 0.70, 0.70, 0.70, 0.30, 0.10, 0.05, 0.00, 0.00, 0.00, 0.00, 0.00, 0.00
"GD VITERBO I",0.00, 0.00, 0.00, 0.00, 0.00, 0.00, 0.02, 0.18, 0.48, 0.67, 0.75, 0.75, 0.72, 0.69, 0.61, 0.45, 0.26, 0.08, 0.00, 0.00, 0.00, 0.00, 0.00, 0.00
"GD VITERBO II",0.00, 0.00, 0.00, 0.00, 0.00, 0.00, 0.02, 0.18, 0.50, 0.69, 0.75, 0.73, 0.70, 0.68, 0.62, 0.47, 0.27, 0.09, 0.00, 0.00, 0.00, 0.00, 0.00, 0.00
"GD WE202",0.00, 0.00, 0.00, 0.00, 0.00, 0.00, 0.13, 0.25, 0.25, 0.32, 0.45, 0.45, 0.40, 0.77, 0.35, 0.25, 0.01, 0.00, 0.00, 0.00, 0.00, 0.00, 0.00, 0.00
"GD WE2021",0.00, 0.00, 0.00, 0.00, 0.00, 0.00, 0.13, 0.25, 0.25, 0.32, 0.45, 0.45, 0.40, 0.77, 0.35, 0.25, 0.01, 0.00, 0.00, 0.00, 0.00, 0.00, 0.00, 0.00
"GD YUAN SOLAR",0.00, 0.00, 0.00, 0.00, 0.00, 0.01, 0.30, 0.60, 0.60, 0.70, 0.70, 0.80, 0.70, 0.70, 0.70, 0.30, 0.10, 0.05, 0.00, 0.00, 0.00, 0.00, 0.00, 0.00
"GD YURBAQUA",0.00, 0.00, 0.00, 0.00, 0.00, 0.01, 0.30, 0.60, 0.60, 0.70, 0.70, 0.80, 0.70, 0.70, 0.70, 0.30, 0.10, 0.05, 0.00, 0.00, 0.00, 0.00, 0.00, 0.00
"GECELCA 3",164.00, 164.00, 164.00, 164.00, 164.00, 164.00, 164.00, 164.00, 164.00, 164.00, 164.00, 164.00, 164.00, 164.00, 164.00, 164.00, 164.00, 164.00, 164.00, 164.00, 164.00, 164.00, 164.00, 164.00
"GECELCA 32",220.00, 220.00, 220.00, 220.00, 220.00, 220.00, 220.00, 220.00, 220.00, 220.00, 220.00, 220.00, 220.00, 220.00, 220.00, 220.00, 220.00, 220.00, 220.00, 220.00, 220.00, 220.00, 220.00, 220.00
"GR PARQUE SOLAR TUCANES",0.00, 0.00, 0.00, 0.00, 0.00, 0.00, 0.00, 5.00, 7.00, 9.00, 7.00, 7.00, 7.00, 7.00, 8.00, 7.00, 5.00, 1.00, 0.00, 0.00, 0.00, 0.00, 0.00, 0.00
"GRANJA SOLAR ASTURIAS",0.00, 0.00, 0.00, 0.00, 0.00, 0.00, 1.82, 2.60, 6.21, 7.33, 8.36, 8.95, 9.37, 9.71, 9.26, 8.76, 7.24, 1.78, 0.00, 0.00, 0.00, 0.00, 0.00, 0.00
"GRANJA SOLAR BELMONTE",0.00, 0.00, 0.00, 0.00, 0.00, 0.00, 0.07, 0.51, 0.94, 1.66, 0.06, 2.41, 0.01, 0.03, 1.71, 0.79, 0.43, 0.09, 0.00, 0.00, 0.00, 0.00, 0.00, 0.00
"GRANJA SOLAR EL SALADO",0.00, 0.00, 0.00, 0.00, 0.00, 0.00, 0.00, 0.01, 0.03, 0.06, 0.06, 0.07, 0.07, 0.06, 0.05, 0.03, 0.02, 0.01, 0.00, 0.00, 0.00, 0.00, 0.00, 0.00
"GRANJA SOLAR FLANDES",0.00, 0.00, 0.00, 0.00, 0.00, 0.00, 3.00, 11.00, 19.00, 19.00, 19.00, 17.00, 19.00, 19.00, 19.00, 17.00, 14.00, 3.00, 0.00, 0.00, 0.00, 0.00, 0.00, 0.00
"GRANJA SOLAR LA GARITA",0.00, 0.00, 0.00, 0.00, 0.00, 0.00, 0.00, 0.00, 0.00, 0.00, 0.00, 0.00, 0.00, 0.00, 0.00, 0.00, 0.00, 0.00, 0.00, 0.00, 0.00, 0.00, 0.00, 0.00
"GRANJA SOLAR LANCEROS",0.00, 0.00, 0.00, 0.00, 0.00, 0.00, 0.00, 3.00, 5.00, 7.00, 8.00, 9.00, 9.00, 8.00, 7.00, 5.00, 3.00, 0.00, 0.00, 0.00, 0.00, 0.00, 0.00, 0.00
"GRANJA SOLAR SAN FELIPE",0.00, 0.00, 0.00, 0.00, 0.00, 0.00, 0.00, 2.00, 5.00, 7.00, 8.00, 9.00, 9.00, 8.00, 7.00, 5.00, 2.00, 0.00, 0.00, 0.00, 0.00, 0.00, 0.00, 0.00
"GUACAICA",0.00, 0.00, 0.00, 0.00, 0.00, 0.00, 0.00, 0.00, 0.00, 0.00, 0.00, 0.00, 0.00, 0.00, 0.00, 0.00, 0.00, 0.00, 0.00, 0.00, 0.00, 0.00, 0.00, 0.00
"GUAJIRA 1",145.00, 145.00, 145.00, 145.00, 145.00, 145.00, 145.00, 145.00, 145.00, 145.00, 145.00, 145.00, 145.00, 145.00, 145.00, 145.00, 145.00, 145.00, 145.00, 145.00, 145.00, 145.00, 145.00, 145.00
"GUAJIRA 2",130.00, 130.00, 130.00, 130.00, 130.00, 130.00, 130.00, 130.00, 130.00, 130.00, 130.00, 130.00, 130.00, 130.00, 130.00, 130.00, 130.00, 130.00, 130.00, 130.00, 130.00, 130.00, 130.00, 130.00
"GUAMO",0.00, 0.00, 0.00, 0.00, 0.00, 0.42, 1.76, 3.31, 4.75, 6.21, 7.18, 7.28, 6.61, 5.55, 4.10, 2.31, 0.57, 0.00, 0.00, 0.00, 0.00, 0.00, 0.00, 0.00
"GUANAQUITAS",4.45, 4.45, 4.45, 4.45, 4.45, 4.45, 4.45, 4.45, 4.45, 4.45, 4.45, 4.45, 4.45, 4.45, 4.45, 4.45, 4.45, 4.45, 4.45, 4.45, 4.45, 4.45, 4.45, 4.45
"GUATAPE",350.00, 350.00, 350.00, 350.00, 350.00, 350.00, 350.00, 0.00, 0.00, 0.00, 0.00, 200.02, 217.96, 420.00, 420.00, 420.00, 420.00, 420.00, 420.00, 420.00, 420.00, 420.00, 420.00, 420.00
"GUATRON",0.00, 0.00, 0.00, 0.00, 0.00, 0.00, 0.00, 0.00, 0.00, 0.00, 0.00, 0.00, 0.00, 0.00, 0.00, 0.00, 0.00, 0.00, 39.31, 188.02, 245.23, 0.00, 0.00, 0.00
"GUAVIO",1250.00, 1250.00, 1250.00, 1250.00, 1250.00, 1250.00, 1250.00, 1250.00, 1250.00, 1250.00, 1250.00, 1250.00, 1250.00, 1250.00, 1250.00, 1250.00, 1250.00, 1250.00, 1250.00, 1250.00, 1250.00, 1250.00, 1250.00, 1250.00
"GUAVIO MENOR",5.00, 5.00, 5.00, 5.00, 5.00, 5.00, 5.00, 5.00, 5.00, 5.00, 5.00, 5.00, 5.00, 5.00, 5.00, 5.00, 5.00, 5.00, 5.00, 5.00, 5.00, 5.00, 5.00, 5.00
"GUAYEPO",0.00, 0.00, 0.00, 0.00, 0.00, 0.00, 40.00, 140.00, 220.00, 320.00, 320.00, 320.00, 320.00, 320.00, 280.00, 220.00, 144.00, 39.00, 0.00, 0.00, 0.00, 0.00, 0.00, 0.00
"GUAYEPO III",0.00, 0.00, 0.00, 0.00, 0.00, 0.00, 57.00, 155.00, 172.00, 180.00, 180.00, 180.00, 180.00, 180.00, 160.00, 100.00, 98.00, 29.00, 0.00, 0.00, 0.00, 0.00, 0.00, 0.00
"GY SOLAR AURORA",0.00, 0.00, 0.00, 0.00, 0.00, 0.01, 0.03, 0.24, 0.36, 0.51, 0.63, 0.54, 0.61, 0.20, 0.10, 0.00, 0.00, 0.00, 0.00, 0.00, 0.00, 0.00, 0.00, 0.00
"HELIOS I",0.00, 0.00, 0.00, 0.00, 0.00, 0.49, 2.99, 7.50, 8.60, 10.50, 9.30, 4.10, 6.30, 7.20, 6.50, 3.80, 1.60, 0.21, 0.00, 0.00, 0.00, 0.00, 0.00, 0.00
"HIDROBARRANCAS",3.10, 3.10, 3.10, 3.10, 3.10, 3.10, 3.10, 3.10, 3.10, 3.10, 3.10, 3.10, 3.10, 3.10, 3.10, 3.10, 3.10, 3.10, 3.10, 3.10, 3.10, 3.10, 3.10, 3.10
"HIDROMONTAÑITAS",12.00, 12.00, 12.00, 12.00, 12.00, 10.00, 14.00, 14.00, 14.00, 14.00, 12.00, 12.00, 12.00, 12.00, 12.00, 12.00, 12.00, 12.00, 12.00, 14.00, 18.00, 18.00, 18.00, 14.00
"INCAUCA 1",34.00, 34.00, 34.00, 34.00, 34.00, 34.00, 34.00, 34.00, 34.00, 34.00, 34.00, 34.00, 34.00, 34.00, 34.00, 34.00, 34.00, 34.00, 34.00, 34.00, 34.00, 34.00, 34.00, 34.00
"INGENIO PICHICHI 1",0.00, 0.00, 0.00, 0.00, 0.00, 0.00, 0.00, 0.00, 0.00, 0.00, 0.00, 0.00, 0.00, 0.00, 0.00, 0.00, 0.00, 0.00, 0.00, 0.00, 0.00, 0.00, 0.00, 0.00
"INGENIO PROVIDENCIA 2",12.30, 12.30, 12.30, 12.30, 12.30, 12.30, 12.30, 12.30, 12.30, 12.30, 12.30, 12.30, 12.30, 12.30, 12.30, 12.30, 12.30, 12.30, 12.30, 12.30, 12.30, 12.30, 12.30, 12.30
"INGENIO RIOPAILA 1",8.00, 8.00, 8.00, 8.00, 8.00, 8.00, 8.00, 8.00, 8.00, 8.00, 8.00, 8.00, 8.00, 8.00, 8.00, 8.00, 8.00, 8.00, 8.00, 8.00, 8.00, 8.00, 8.00, 8.00
"INGENIO RISARALDA 1",13.00, 13.00, 13.00, 13.00, 13.00, 13.00, 13.00, 13.00, 13.00, 13.00, 13.00, 13.00, 13.00, 13.00, 13.00, 13.00, 13.00, 13.00, 13.00, 13.00, 13.00, 13.00, 13.00, 13.00
"INGENIO SAN CARLOS 1",1.49, 1.49, 1.49, 1.49, 1.49, 1.49, 1.49, 1.49, 1.49, 1.49, 1.49, 1.49, 1.49, 1.49, 1.49, 1.49, 1.49, 1.49, 1.49, 1.49, 1.49, 1.49, 1.49, 1.49
"INSULA",10.00, 10.00, 10.00, 10.00, 10.00, 10.00, 10.00, 10.00, 10.00, 10.00, 10.00, 10.00, 10.00, 10.00, 10.00, 10.00, 10.00, 10.00, 10.00, 10.00, 10.00, 10.00, 10.00, 10.00
"INTERMEDIA",0.00, 0.00, 0.00, 0.00, 0.00, 0.00, 0.00, 0.00, 0.00, 0.00, 0.00, 0.00, 0.00, 0.00, 0.00, 0.00, 0.00, 0.00, 0.00, 0.00, 0.00, 0.00, 0.00, 0.00
"INZA",0.00, 0.00, 0.00, 0.00, 0.00, 0.00, 0.00, 0.00, 0.00, 0.00, 0.00, 0.00, 0.00, 0.00, 0.00, 0.00, 0.00, 0.00, 0.00, 0.00, 0.00, 0.00, 0.00, 0.00
"IQUIRA I",0.00, 0.00, 0.00, 0.00, 0.00, 0.00, 0.00, 0.00, 0.00, 0.00, 0.00, 0.00, 0.00, 0.00, 0.00, 0.00, 0.00, 0.00, 0.00, 0.00, 0.00, 0.00, 0.00, 0.00
"IQUIRA II",0.00, 0.00, 0.00, 0.00, 0.00, 0.00, 0.00, 0.00, 0.00, 0.00, 0.00, 0.00, 0.00, 0.00, 0.00, 0.00, 0.00, 0.00, 0.00, 0.00, 0.00, 0.00, 0.00, 0.00
"ITUANGO",700.00, 700.00, 700.00, 700.00, 700.00, 700.00, 700.00, 700.00, 700.00, 700.00, 700.00, 700.00, 700.00, 700.00, 700.00, 700.00, 700.00, 700.00, 700.00, 700.00, 700.00, 700.00, 700.00, 700.00
"JAGUAS",0.00, 0.00, 0.00, 0.00, 0.00, 0.00, 0.00, 0.00, 0.00, 0.00, 0.00, 0.00, 0.00, 0.00, 0.00, 0.00, 0.00, 0.00, 170.00, 170.00, 170.00, 129.20, 0.00, 0.00
"JEQUES",0.00, 0.00, 0.00, 0.00, 0.00, 0.01, 0.03, 0.24, 0.36, 0.51, 0.63, 0.54, 0.61, 0.20, 0.10, 0.00, 0.00, 0.00, 0.00, 0.00, 0.00, 0.00, 0.00, 0.00
"JUAN GARCIA",2.20, 2.20, 2.20, 2.20, 2.20, 2.20, 2.20, 2.20, 2.20, 2.20, 2.20, 2.20, 2.20, 2.20, 2.20, 2.20, 2.20, 2.20, 2.20, 2.20, 2.20, 2.20, 2.80, 2.80
"JUMI",0.00, 0.00, 0.00, 0.00, 0.00, 0.00, 0.61, 3.05, 7.32, 8.54, 8.54, 8.54, 7.93, 7.32, 5.49, 2.44, 1.22, 0.00, 0.00, 0.00, 0.00, 0.00, 0.00, 0.00
"LA CASCADA ( ABEJORRAL)",2.00, 2.00, 2.00, 2.00, 2.00, 2.00, 2.00, 2.00, 2.00, 2.00, 2.00, 2.00, 2.00, 2.00, 2.00, 2.00, 2.00, 2.00, 2.00, 2.00, 2.00, 2.00, 2.00, 2.00
"LA CASCADA (ANTIOQUIA)",1.68, 1.68, 1.68, 1.68, 1.68, 1.68, 1.68, 1.68, 1.68, 1.68, 1.68, 1.68, 1.68, 1.68, 1.68, 1.68, 1.68, 1.68, 1.68, 1.68, 1.68, 1.68, 1.68, 1.68
"LA CASCADA DE GRANADA",0.70, 0.70, 0.70, 0.70, 0.70, 0.70, 0.70, 0.70, 0.70, 0.70, 0.70, 0.70, 0.70, 0.70, 0.70, 0.70, 0.70, 0.70, 0.70, 0.70, 0.70, 0.70, 0.70, 0.70
"LA CHORRERA",5.00, 5.00, 5.00, 5.00, 5.00, 5.00, 5.00, 5.00, 5.00, 5.00, 5.00, 5.00, 5.00, 5.00, 5.00, 5.00, 5.00, 5.00, 5.00, 5.00, 5.00, 5.00, 5.00, 5.00
"LA FRISOLERA",0.29, 0.29, 0.29, 0.29, 0.29, 0.29, 0.29, 0.29, 0.29, 0.29, 0.29, 0.29, 0.29, 0.29, 0.29, 0.29, 0.29, 0.29, 0.29, 0.29, 0.29, 0.29, 0.29, 0.29
"LA HERRADURA",12.40, 12.40, 12.40, 12.40, 12.40, 12.40, 12.40, 12.40, 12.40, 12.40, 12.40, 12.40, 12.40, 12.40, 12.40, 12.40, 12.40, 12.40, 12.40, 12.40, 12.40, 12.40, 12.40, 12.40
"LA INGLESA",0.00, 0.00, 0.00, 0.00, 0.00, 0.01, 0.30, 0.60, 0.60, 0.70, 0.70, 0.80, 0.70, 0.70, 0.70, 0.30, 0.01, 0.05, 0.00, 0.00, 0.00, 0.00, 0.00, 0.00
"LA MARTINA",0.00, 0.00, 0.00, 0.00, 0.00, 0.01, 0.49, 1.84, 3.78, 5.64, 6.76, 7.86, 8.22, 7.33, 6.35, 4.67, 2.57, 0.51, 0.00, 0.00, 0.00, 0.00, 0.00, 0.00
"LA MATA",0.00, 0.00, 0.00, 0.00, 0.00, 0.00, 22.00, 58.00, 75.00, 80.00, 80.00, 80.00, 80.00, 80.00, 80.00, 72.00, 50.00, 20.00, 0.00, 0.00, 0.00, 0.00, 0.00, 0.00
"LA MEDINA",0.00, 0.00, 0.00, 0.00, 0.00, 0.00, 0.00, 2.00, 4.00, 6.00, 8.00, 9.00, 8.00, 8.00, 7.00, 5.00, 2.00, 0.00, 0.00, 0.00, 0.00, 0.00, 0.00, 0.00
"LA NAVETA",4.00, 4.00, 4.00, 4.00, 4.00, 4.00, 4.00, 4.00, 4.00, 4.00, 4.00, 4.00, 4.00, 4.00, 4.00, 4.00, 4.00, 4.00, 4.00, 4.00, 4.00, 4.00, 4.00, 4.00
"LA NENERA",0.00, 0.00, 0.00, 0.00, 0.00, 0.00, 0.02, 0.06, 0.30, 0.66, 0.97, 0.96, 0.86, 0.79, 0.61, 0.47, 0.28, 0.09, 0.00, 0.00, 0.00, 0.00, 0.00, 0.00
"LA PAZ",0.00, 0.00, 0.00, 0.00, 0.00, 0.00, 2.88, 7.33, 8.94, 9.82, 9.90, 9.90, 9.90, 9.90, 8.63, 5.43, 4.62, 2.28, 0.00, 0.00, 0.00, 0.00, 0.00, 0.00
"LA PITA",1.00, 1.00, 1.00, 1.00, 1.00, 1.00, 1.00, 1.00, 1.00, 1.00, 1.00, 1.00, 1.00, 1.00, 1.00, 1.00, 1.00, 1.00, 1.00, 1.00, 1.00, 1.00, 1.00, 1.00
"LA REBUSCA",0.65, 0.65, 0.65, 0.65, 0.65, 0.65, 0.65, 0.65, 0.65, 0.65, 0.65, 0.65, 0.65, 0.65, 0.65, 0.65, 0.65, 0.65, 0.65, 0.65, 0.65, 0.65, 0.65, 0.65
"LA SIERPE",0.00, 0.00, 0.00, 0.00, 0.00, 0.00, 2.00, 4.00, 6.00, 12.00, 19.00, 19.00, 19.00, 19.00, 16.00, 14.00, 4.00, 6.00, 1.00, 0.00, 0.00, 0.00, 0.00, 0.00
"LA TASAJERA",0.00, 0.00, 0.00, 0.00, 0.00, 0.00, 0.00, 0.00, 0.00, 0.00, 0.00, 0.00, 0.00, 0.00, 0.00, 0.00, 0.00, 0.00, 0.00, 0.00, 0.00, 0.00, 0.00, 0.00
"LA TOLUA",0.00, 0.00, 0.00, 0.00, 0.00, 0.00, 2.00, 4.00, 6.00, 8.00, 19.00, 19.00, 19.00, 19.00, 16.00, 14.00, 8.00, 6.00, 1.00, 0.00, 0.00, 0.00, 0.00, 0.00
"LA VUELTA",0.00, 0.00, 0.00, 0.00, 0.00, 0.00, 0.00, 0.00, 0.00, 0.00, 0.00, 0.00, 0.00, 0.00, 0.00, 0.00, 5.50, 5.50, 5.50, 5.50, 5.50, 5.50, 5.50, 5.50
"LAGUNETA",18.00, 18.00, 18.00, 18.00, 18.00, 18.00, 18.00, 18.00, 18.00, 18.00, 18.00, 18.00, 18.00, 18.00, 18.00, 18.00, 18.00, 18.00, 18.00, 18.00, 18.00, 18.00, 18.00, 18.00
"LAS PALMAS",2.80, 2.80, 2.80, 2.80, 2.80, 2.80, 2.80, 2.80, 2.80, 2.80, 2.80, 2.80, 2.80, 2.80, 2.80, 2.80, 2.80, 2.80, 2.80, 2.80, 2.80, 2.80, 2.80, 2.80
"LAS VIOLETAS",0.45, 0.45, 0.45, 0.45, 0.45, 0.45, 0.45, 0.45, 0.45, 0.45, 0.45, 0.45, 0.45, 0.45, 0.45, 0.45, 0.45, 0.45, 0.45, 0.45, 0.45, 0.45, 0.45, 0.00
"LATAM SOLAR LA LOMA",0.00, 0.00, 0.00, 0.00, 0.00, 0.00, 26.00, 68.00, 76.00, 93.00, 104.00, 105.00, 105.00, 95.00, 84.00, 76.00, 36.00, 14.00, 0.00, 0.00, 0.00, 0.00, 0.00, 0.00
"LOS CABALLEROS",0.00, 0.00, 0.00, 0.00, 0.00, 0.00, 0.00, 2.00, 4.00, 6.00, 7.00, 8.00, 8.00, 8.00, 6.00, 4.00, 2.00, 0.00, 0.00, 0.00, 0.00, 0.00, 0.00, 0.00
"LOS GIRASOLES",0.00, 0.00, 0.00, 0.00, 0.00, 0.00, 2.13, 4.31, 6.80, 7.72, 8.35, 8.78, 9.03, 7.23, 6.49, 6.27, 3.88, 0.00, 0.00, 0.00, 0.00, 0.00, 0.00, 0.00
"LUZMA I",10.50, 10.50, 10.50, 10.50, 10.50, 10.50, 10.50, 10.50, 10.50, 10.50, 10.50, 10.50, 10.50, 10.50, 10.50, 10.50, 10.50, 10.50, 10.50, 10.50, 10.50, 10.50, 10.50, 10.50
"LUZMA II",10.24, 10.24, 10.24, 10.24, 10.24, 10.24, 10.24, 10.24, 10.24, 10.24, 10.24, 10.24, 10.24, 10.24, 10.24, 10.24, 10.24, 10.24, 10.24, 10.24, 10.24, 10.24, 10.24, 10.24
"MAGALLO",1.80, 1.80, 1.80, 1.80, 1.80, 1.80, 1.80, 1.80, 1.80, 1.80, 1.80, 1.80, 1.80, 1.80, 1.80, 1.80, 1.80, 1.80, 1.80, 1.80, 1.80, 1.80, 1.80, 1.80
"MANANTIALES",2.00, 2.00, 2.00, 2.00, 2.00, 2.00, 2.00, 2.00, 2.00, 2.00, 2.00, 2.00, 2.00, 2.00, 2.00, 2.00, 2.00, 2.00, 2.00, 2.00, 2.00, 2.00, 2.00, 2.00
"MAYAGUEZ 1",19.90, 19.90, 19.90, 19.90, 19.90, 19.90, 19.90, 19.90, 19.90, 19.90, 19.90, 19.90, 19.90, 19.90, 19.90, 19.90, 19.90, 19.90, 19.90, 19.90, 19.90, 19.90, 19.90, 19.90
"MERILECTRICA 1",0.00, 0.00, 0.00, 0.00, 0.00, 0.00, 0.00, 0.00, 0.00, 0.00, 0.00, 0.00, 0.00, 0.00, 0.00, 0.00, 0.00, 0.00, 0.00, 0.00, 0.00, 0.00, 0.00, 0.00
"MIEL I",0.00, 0.00, 0.00, 0.00, 0.00, 0.00, 0.00, 0.00, 0.00, 0.00, 0.00, 0.00, 0.00, 0.00, 0.00, 0.00, 0.00, 0.00, 0.00, 0.00, 0.00, 0.00, 0.00, 0.00
"MINIGRANJA EL COPEY OCCIDENTE",0.00, 0.00, 0.00, 0.00, 0.00, 0.01, 0.30, 0.60, 0.60, 0.70, 0.70, 0.80, 0.70, 0.70, 0.70, 0.30, 0.10, 0.05, 0.00, 0.00, 0.00, 0.00, 0.00, 0.00
"MINIGRANJA EL JOROPO",0.00, 0.00, 0.00, 0.00, 0.00, 0.01, 0.30, 0.60, 0.60, 0.70, 0.70, 0.80, 0.70, 0.70, 0.70, 0.30, 0.10, 0.05, 0.00, 0.00, 0.00, 0.00, 0.00, 0.00
"MINIGRANJA EL MAPALE",0.00, 0.00, 0.00, 0.00, 0.00, 0.01, 0.30, 0.60, 0.60, 0.70, 0.70, 0.80, 0.70, 0.70, 0.70, 0.30, 0.10, 0.05, 0.00, 0.00, 0.00, 0.00, 0.00, 0.00
"MINIGRANJA EL MERENGUE",0.00, 0.00, 0.00, 0.00, 0.00, 0.01, 0.30, 0.60, 0.60, 0.70, 0.80, 0.90, 0.80, 0.70, 0.70, 0.30, 0.10, 0.05, 0.00, 0.00, 0.00, 0.00, 0.00, 0.00
"MINIGRANJA EL MOLINO",0.00, 0.00, 0.00, 0.00, 0.00, 0.01, 0.30, 0.60, 0.60, 0.70, 0.70, 0.80, 0.70, 0.70, 0.70, 0.30, 0.01, 0.05, 0.00, 0.00, 0.00, 0.00, 0.00, 0.00
"MINIGRANJA EL OLIMPO",0.00, 0.00, 0.00, 0.00, 0.00, 0.01, 0.30, 0.60, 0.60, 0.70, 0.70, 0.80, 0.70, 0.70, 0.70, 0.30, 0.10, 0.05, 0.00, 0.00, 0.00, 0.00, 0.00, 0.00
"MINIGRANJA EL SON",0.00, 0.00, 0.00, 0.00, 0.00, 0.01, 0.30, 0.60, 0.60, 0.70, 0.70, 0.80, 0.70, 0.70, 0.70, 0.30, 0.10, 0.05, 0.00, 0.00, 0.00, 0.00, 0.00, 0.00
"MINIGRANJA IBIRICO",0.00, 0.00, 0.00, 0.00, 0.00, 0.01, 0.30, 0.60, 0.60, 0.70, 0.70, 0.80, 0.70, 0.70, 0.70, 0.30, 0.10, 0.05, 0.00, 0.00, 0.00, 0.00, 0.00, 0.00
"MINIGRANJA LA CUMBIA",0.00, 0.00, 0.00, 0.00, 0.00, 0.01, 0.30, 0.60, 0.60, 0.70, 0.70, 0.80, 0.70, 0.70, 0.70, 0.30, 0.10, 0.05, 0.00, 0.00, 0.00, 0.00, 0.00, 0.00
"MINIGRANJA LA PAZ ESMERALDA",0.00, 0.00, 0.00, 0.00, 0.00, 0.01, 0.30, 0.60, 0.60, 0.70, 0.70, 0.80, 0.70, 0.70, 0.70, 0.30, 0.10, 0.05, 0.00, 0.00, 0.00, 0.00, 0.00, 0.00
"MINIGRANJA LA PAZ LEYENDA",0.00, 0.00, 0.00, 0.00, 0.00, 0.01, 0.30, 0.60, 0.60, 0.70, 0.70, 0.80, 0.70, 0.70, 0.70, 0.30, 0.01, 0.05, 0.00, 0.00, 0.00, 0.00, 0.00, 0.00
"MINIGRANJA LA PAZ VALLENATA",0.00, 0.00, 0.00, 0.00, 0.00, 0.01, 0.30, 0.60, 0.60, 0.70, 0.70, 0.80, 0.70, 0.70, 0.70, 0.30, 0.01, 0.05, 0.00, 0.00, 0.00, 0.00, 0.00, 0.00
"MINIGRANJA LA PAZ VERSO",0.00, 0.00, 0.00, 0.00, 0.00, 0.01, 0.30, 0.60, 0.60, 0.70, 0.70, 0.80, 0.70, 0.70, 0.70, 0.30, 0.10, 0.05, 0.00, 0.00, 0.00, 0.00, 0.00, 0.00
"MINIGRANJA LA PUYA",0.00, 0.00, 0.00, 0.00, 0.00, 0.01, 0.30, 0.60, 0.60, 0.70, 0.70, 0.80, 0.70, 0.70, 0.70, 0.30, 0.10, 0.05, 0.00, 0.00, 0.00, 0.00, 0.00, 0.00
"MINIGRANJA LA RESERVA",0.00, 0.00, 0.00, 0.00, 0.00, 0.01, 0.30, 0.60, 0.60, 0.70, 0.70, 0.80, 0.70, 0.70, 0.70, 0.30, 0.10, 0.05, 0.00, 0.00, 0.00, 0.00, 0.00, 0.00
"MINIGRANJA SAN DIEGO SUR",0.00, 0.00, 0.00, 0.00, 0.00, 0.01, 0.30, 0.60, 0.60, 0.70, 0.70, 0.80, 0.70, 0.70, 0.70, 0.30, 0.10, 0.05, 0.00, 0.00, 0.00, 0.00, 0.00, 0.00
"MINIGRANJA SAN PEDRO",0.00, 0.00, 0.00, 0.00, 0.00, 0.00, 0.14, 0.32, 0.32, 0.55, 0.64, 0.73, 0.82, 0.73, 0.64, 0.55, 0.32, 0.14, 0.00, 0.00, 0.00, 0.00, 0.00, 0.00
"MINIGRANJA VALENCIA ORIENTE I",0.00, 0.00, 0.00, 0.00, 0.00, 0.01, 0.30, 0.60, 0.60, 0.70, 0.70, 0.80, 0.70, 0.70, 0.70, 0.30, 0.10, 0.05, 0.00, 0.00, 0.00, 0.00, 0.00, 0.00
"MINIGRANJA VALENCIA ORIENTE II",0.00, 0.00, 0.00, 0.00, 0.00, 0.01, 0.30, 0.60, 0.60, 0.70, 0.70, 0.80, 0.70, 0.70, 0.70, 0.30, 0.10, 0.05, 0.00, 0.00, 0.00, 0.00, 0.00, 0.00
"MINIGRANJA VILLANUEVA",0.00, 0.00, 0.00, 0.00, 0.00, 0.01, 0.30, 0.60, 0.60, 0.70, 0.80, 0.90, 0.80, 0.70, 0.70, 0.30, 0.10, 0.05, 0.00, 0.00, 0.00, 0.00, 0.00, 0.00
"MIROLINDO",2.07, 2.07, 2.07, 2.07, 2.07, 2.07, 2.07, 2.07, 2.07, 2.07, 2.07, 2.07, 2.07, 2.07, 2.07, 2.07, 2.07, 2.07, 2.07, 2.07, 2.07, 2.07, 2.07, 2.07
"MONDOMO",0.48, 0.48, 0.46, 0.46, 0.46, 0.46, 0.46, 0.46, 0.45, 0.45, 0.46, 0.46, 0.43, 0.46, 0.44, 0.44, 0.43, 0.44, 0.44, 0.45, 0.46, 0.48, 0.48, 0.48
"MONTELIBANO",0.00, 0.00, 0.00, 0.00, 0.00, 0.00, 0.00, 0.00, 3.00, 6.00, 4.00, 7.00, 9.00, 8.00, 7.00, 5.00, 2.00, 0.00, 0.00, 0.00, 0.00, 0.00, 0.00, 0.00
"MORRO AZUL",4.00, 4.00, 4.00, 4.00, 4.00, 4.00, 4.00, 4.00, 4.00, 4.00, 4.00, 4.00, 4.00, 4.00, 4.00, 4.00, 4.00, 4.00, 4.00, 4.00, 4.00, 4.00, 4.00, 4.00
"MULATOS II",1.42, 1.42, 1.42, 1.42, 1.42, 1.42, 1.42, 1.42, 1.42, 1.42, 1.42, 1.42, 1.42, 1.42, 1.42, 1.42, 1.42, 1.42, 1.42, 1.42, 1.42, 1.42, 1.42, 1.42
"MUNICIPAL",0.50, 0.50, 0.50, 0.50, 0.50, 0.50, 0.50, 0.50, 0.50, 0.50, 0.50, 0.50, 0.50, 0.50, 0.50, 0.50, 0.50, 0.50, 0.50, 0.50, 0.50, 0.50, 0.50, 0.50
"NIMA",3.20, 3.20, 3.20, 3.20, 3.20, 3.20, 3.20, 3.20, 3.20, 3.20, 3.20, 3.20, 3.20, 3.20, 3.20, 3.20, 3.20, 3.20, 3.20, 3.20, 3.20, 3.20, 3.20, 3.20
"NIQUIA",15.00, 15.00, 15.00, 15.00, 15.00, 15.00, 15.00, 15.00, 16.50, 16.50, 16.50, 16.50, 16.50, 16.50, 16.50, 16.50, 16.50, 16.50, 16.50, 16.50, 16.50, 16.50, 16.50, 16.50
"NUEVO LIBARE",0.00, 0.00, 0.00, 0.00, 0.00, 0.00, 0.00, 0.00, 0.00, 0.00, 0.00, 0.00, 0.00, 0.00, 0.00, 0.00, 0.00, 0.00, 0.00, 0.00, 0.00, 0.00, 0.00, 0.00
"NUMBANA",0.00, 0.00, 0.00, 0.00, 0.00, 0.46, 2.00, 3.75, 5.38, 7.01, 7.93, 8.04, 7.46, 6.29, 4.67, 2.62, 0.63, 0.00, 0.00, 0.00, 0.00, 0.00, 0.00, 0.00
"NUTIBARA",0.00, 0.00, 0.00, 0.00, 0.00, 0.00, 0.00, 0.00, 0.00, 0.00, 0.00, 0.00, 0.00, 0.00, 0.00, 0.00, 0.00, 0.00, 0.00, 0.00, 0.00, 0.00, 0.00, 0.00
"OIBITA",7.00, 7.00, 7.00, 7.00, 7.00, 7.00, 7.00, 7.00, 7.00, 7.00, 7.00, 7.00, 7.00, 7.00, 7.00, 7.00, 7.00, 7.00, 7.00, 7.00, 7.00, 7.00, 7.00, 7.00
"OVEJAS",0.79, 0.77, 0.77, 0.77, 0.76, 0.77, 0.75, 0.71, 0.70, 0.72, 0.73, 0.78, 0.77, 0.76, 0.77, 0.76, 0.77, 0.77, 0.79, 0.79, 0.80, 0.79, 0.79, 0.78
"PAGUA",600.00, 600.00, 600.00, 600.00, 600.00, 600.00, 600.00, 362.95, 207.94, 60.37, 296.77, 400.00, 400.00, 400.00, 400.00, 400.00, 400.00, 600.00, 600.00, 600.00, 600.00, 600.00, 600.00, 600.00
"PAIPA 1",23.00, 23.00, 23.00, 23.00, 23.00, 23.00, 23.00, 23.00, 23.00, 23.00, 23.00, 23.00, 23.00, 23.00, 23.00, 23.00, 23.00, 23.00, 23.00, 23.00, 23.00, 23.00, 23.00, 23.00
"PAIPA 2",72.00, 72.00, 72.00, 72.00, 72.00, 72.00, 72.00, 72.00, 72.00, 72.00, 72.00, 72.00, 72.00, 72.00, 72.00, 72.00, 72.00, 72.00, 72.00, 72.00, 72.00, 72.00, 72.00, 72.00
"PAIPA 3",70.00, 70.00, 70.00, 70.00, 70.00, 70.00, 70.00, 70.00, 70.00, 70.00, 70.00, 70.00, 70.00, 70.00, 70.00, 70.00, 70.00, 70.00, 70.00, 70.00, 70.00, 70.00, 70.00, 70.00
"PAIPA 4",164.00, 164.00, 164.00, 164.00, 164.00, 164.00, 164.00, 164.00, 164.00, 164.00, 164.00, 164.00, 164.00, 164.00, 164.00, 164.00, 164.00, 164.00, 164.00, 164.00, 164.00, 164.00, 164.00, 164.00
"PAJARITO",6.00, 6.00, 6.00, 6.00, 6.00, 6.00, 6.00, 6.00, 6.00, 6.00, 6.00, 6.00, 6.00, 6.00, 6.00, 6.00, 6.00, 6.00, 6.00, 6.00, 6.00, 6.00, 6.00, 6.00
"PALMAS SAN GIL",4.50, 4.50, 4.50, 4.50, 4.50, 4.50, 4.50, 4.50, 4.50, 4.50, 4.50, 4.50, 4.50, 4.50, 4.50, 4.50, 4.50, 4.50, 4.50, 4.50, 4.50, 4.50, 4.50, 4.50
"PAPELES NACIONALES",0.00, 0.00, 0.00, 0.00, 0.00, 0.00, 0.00, 0.00, 0.00, 0.00, 0.00, 0.00, 0.00, 0.00, 0.00, 0.00, 0.00, 0.00, 0.00, 0.00, 0.00, 0.00, 0.00, 0.00
"PARQUE EOLICO CARRETO",2.00, 1.00, 0.00, 0.00, 0.00, 0.00, 0.00, 0.00, 0.00, 3.00, 7.00, 8.00, 8.00, 8.00, 8.00, 8.00, 9.00, 9.00, 8.00, 7.00, 6.00, 5.00, 3.00, 1.00
"PARQUE EOLICO GUAJIRA I",18.79, 18.74, 18.47, 18.64, 18.64, 18.55, 18.40, 18.42, 18.29, 18.97, 18.77, 19.11, 19.51, 19.90, 19.90, 19.90, 19.65, 19.90, 19.57, 19.30, 19.23, 19.12, 18.82, 18.34
"PARQUE EOLICO WESP01",11.58, 11.64, 11.67, 11.66, 11.54, 11.45, 11.54, 11.60, 11.58, 11.60, 11.59, 11.69, 11.73, 11.81, 11.73, 11.44, 11.60, 12.00, 12.00, 11.92, 11.90, 11.79, 11.73, 11.63
"PARQUE SOLAR ARENAL",0.00, 0.00, 0.00, 0.00, 0.00, 0.00, 0.00, 0.40, 1.10, 1.40, 1.50, 1.50, 1.50, 1.30, 1.10, 0.90, 0.40, 0.10, 0.00, 0.00, 0.00, 0.00, 0.00, 0.00
"PARQUE SOLAR BARANOA",0.00, 0.00, 0.00, 0.00, 0.00, 0.00, 4.00, 8.00, 12.00, 7.00, 7.00, 8.00, 8.00, 7.00, 5.00, 4.00, 2.00, 0.00, 0.00, 0.00, 0.00, 0.00, 0.00, 0.00
"PARQUE SOLAR BUGAMBILES",0.00, 0.00, 0.00, 0.00, 0.00, 0.00, 2.00, 3.00, 5.00, 3.00, 3.00, 3.00, 3.00, 3.00, 2.00, 1.00, 1.00, 0.00, 0.00, 0.00, 0.00, 0.00, 0.00, 0.00
"PARQUE SOLAR DINAMARCA",0.00, 0.00, 0.00, 0.00, 0.00, 0.01, 0.03, 0.24, 0.36, 0.51, 0.63, 0.54, 0.61, 0.20, 0.10, 0.00, 0.00, 0.00, 0.00, 0.00, 0.00, 0.00, 0.00, 0.00
"PARQUE SOLAR EL JARDIN",0.00, 0.00, 0.00, 0.00, 0.00, 0.01, 0.03, 0.24, 0.36, 0.51, 0.63, 0.54, 0.61, 0.20, 0.10, 0.00, 0.00, 0.00, 0.00, 0.00, 0.00, 0.00, 0.00, 0.00
"PARQUE SOLAR HATO GRANDE",0.00, 0.00, 0.00, 0.00, 0.00, 0.01, 0.03, 0.24, 0.36, 0.51, 0.63, 0.54, 0.61, 0.20, 0.10, 0.00, 0.00, 0.00, 0.00, 0.00, 0.00, 0.00, 0.00, 0.00
"PARQUE SOLAR HONDA I",0.00, 0.00, 0.00, 0.00, 0.00, 0.00, 1.00, 2.00, 4.00, 5.00, 9.00, 9.00, 9.00, 9.00, 8.00, 6.00, 4.00, 2.00, 1.00, 0.00, 0.00, 0.00, 0.00, 0.00
"PARQUE SOLAR HONDA II",0.00, 0.00, 0.00, 0.00, 0.00, 0.00, 1.00, 2.00, 3.00, 4.00, 6.00, 9.00, 9.00, 9.00, 6.00, 6.00, 5.00, 2.00, 1.00, 0.00, 0.00, 0.00, 0.00, 0.00
"PARQUE SOLAR INTI I",0.00, 0.00, 0.00, 0.00, 0.00, 0.00, 0.30, 1.20, 4.40, 5.90, 7.00, 8.70, 7.90, 7.80, 6.10, 4.70, 2.30, 0.80, 0.00, 0.00, 0.00, 0.00, 0.00, 0.00
"PARQUE SOLAR LA MENA",0.00, 0.00, 0.00, 0.00, 0.00, 0.01, 0.03, 0.24, 0.36, 0.51, 0.63, 0.54, 0.61, 0.20, 0.10, 0.00, 0.00, 0.00, 0.00, 0.00, 0.00, 0.00, 0.00, 0.00
"PARQUE SOLAR LA UNION",0.00, 0.00, 0.00, 0.00, 0.00, 0.00, 24.00, 68.00, 99.00, 100.00, 100.00, 100.00, 100.00, 100.00, 100.00, 100.00, 78.00, 27.00, 0.00, 0.00, 0.00, 0.00, 0.00, 0.00
"PARQUE SOLAR NISPEROS",0.00, 0.00, 0.00, 0.00, 0.00, 0.00, 4.00, 8.00, 12.00, 7.00, 7.00, 8.00, 8.00, 7.00, 5.00, 4.00, 2.00, 0.00, 0.00, 0.00, 0.00, 0.00, 0.00, 0.00
"PARQUE SOLAR PUERTA DE ORO",0.00, 0.00, 0.00, 0.00, 0.00, 0.00, 20.00, 128.00, 195.00, 240.00, 259.00, 234.00, 219.00, 164.00, 159.00, 128.00, 97.00, 35.00, 0.00, 0.00, 0.00, 0.00, 0.00, 0.00
"PARQUE SOLAR SABANA",0.00, 0.00, 0.00, 0.00, 0.00, 1.00, 6.00, 8.00, 9.00, 9.00, 9.00, 9.00, 9.00, 9.00, 8.00, 6.00, 1.00, 0.00, 0.00, 0.00, 0.00, 0.00, 0.00, 0.00
"PARQUE SOLAR TEPUY",0.00, 0.00, 0.00, 0.00, 0.00, 0.00, 15.00, 38.00, 53.00, 60.00, 65.00, 67.00, 67.00, 64.00, 59.00, 50.00, 40.00, 21.00, 0.00, 0.00, 0.00, 0.00, 0.00, 0.00
"PARQUE SOLAR URRA",0.00, 0.00, 0.00, 0.00, 0.00, 0.00, 0.00, 0.00, 0.00, 0.00, 0.00, 0.00, 0.00, 0.00, 0.00, 0.00, 0.00, 0.00, 0.00, 0.00, 0.00, 0.00, 0.00, 0.00
"PARQUE SOLAR VERSALLES",0.00, 0.00, 0.00, 0.00, 0.00, 0.01, 0.03, 0.24, 0.36, 0.51, 0.63, 0.54, 0.61, 0.20, 0.10, 0.00, 0.00, 0.00, 0.00, 0.00, 0.00, 0.00, 0.00, 0.00
"PASTALES",0.53, 0.53, 0.53, 0.53, 0.53, 0.53, 0.53, 0.53, 0.53, 0.53, 0.53, 0.53, 0.53, 0.53, 0.53, 0.53, 0.53, 0.53, 0.53, 0.53, 0.53, 0.53, 0.53, 0.53
"PATICO - LA CABRERA",1.00, 0.99, 0.98, 0.99, 1.00, 1.00, 1.02, 1.02, 1.01, 0.98, 1.00, 0.99, 0.94, 0.97, 1.00, 0.96, 0.96, 1.00, 0.99, 0.99, 0.97, 0.99, 0.99, 0.90
"PCH LA LIBERTAD",0.21, 0.21, 0.21, 0.21, 0.21, 0.21, 0.21, 0.21, 0.21, 0.21, 0.21, 0.21, 0.21, 0.21, 0.21, 0.21, 0.21, 0.21, 0.21, 0.21, 0.21, 0.21, 0.21, 0.21
"PCH LA NOQUE",5.00, 5.00, 5.00, 5.00, 5.00, 5.00, 5.00, 5.00, 5.00, 5.00, 5.00, 5.00, 5.00, 5.00, 5.00, 5.00, 5.00, 5.00, 5.00, 5.00, 5.00, 5.00, 5.00, 5.00
"PETALO DE CORDOBA II",0.00, 0.00, 0.00, 0.00, 0.00, 0.00, 0.19, 2.41, 5.37, 7.69, 8.08, 7.49, 6.88, 7.33, 6.22, 5.90, 4.43, 1.05, 0.00, 0.00, 0.00, 0.00, 0.00, 0.00
"PETALO DEL MAGDALENA",0.00, 0.00, 0.00, 0.00, 0.00, 0.00, 1.00, 4.00, 7.00, 4.00, 9.00, 8.00, 9.00, 9.00, 7.00, 5.00, 5.00, 2.00, 0.00, 0.00, 0.00, 0.00, 0.00, 0.00
"PETALO DEL NORTE DE SANTANDER I",0.00, 0.00, 0.00, 0.00, 0.00, 0.00, 1.89, 4.77, 8.94, 12.76, 16.05, 17.79, 16.05, 13.62, 10.58, 7.52, 4.31, 1.19, 0.00, 0.00, 0.00, 0.00, 0.00, 0.00
"PLANTA FV DONA JUANA",0.00, 0.00, 0.00, 0.00, 0.00, 0.09, 1.10, 3.20, 4.20, 3.80, 4.30, 3.90, 3.90, 4.20, 2.70, 1.30, 0.50, 0.01, 0.00, 0.00, 0.00, 0.00, 0.00, 0.00
"PLANTA SOLAR BAYUNCA I",0.00, 0.00, 0.00, 0.00, 0.00, 0.10, 0.70, 1.60, 2.10, 2.20, 2.10, 2.40, 2.40, 2.20, 1.80, 1.00, 0.30, 0.00, 0.00, 0.00, 0.00, 0.00, 0.00, 0.00
"PLANTA SOLAR SAN FRANCISCO",0.00, 0.00, 0.00, 0.00, 0.00, 0.01, 0.22, 1.05, 2.30, 3.65, 4.80, 4.20, 4.90, 3.15, 1.60, 0.65, 0.10, 0.00, 0.00, 0.00, 0.00, 0.00, 0.00, 0.00
"PLAYAS",138.00, 138.00, 138.00, 138.00, 138.00, 138.00, 138.00, 138.00, 138.00, 138.00, 138.00, 138.00, 138.00, 138.00, 138.00, 138.00, 138.00, 138.00, 138.00, 138.00, 138.00, 138.00, 138.00, 138.00
"POCUNE",1.00, 1.00, 1.00, 1.00, 1.00, 1.00, 1.00, 1.00, 1.00, 1.00, 1.00, 1.00, 1.00, 1.00, 1.00, 1.00, 1.00, 1.00, 1.00, 1.00, 1.00, 1.00, 1.00, 1.00
"POLARIS I",0.00, 0.00, 0.00, 0.00, 0.00, 0.01, 0.30, 0.60, 0.60, 0.70, 0.70, 0.80, 0.70, 0.70, 0.70, 0.30, 0.10, 0.05, 0.00, 0.00, 0.00, 0.00, 0.00, 0.00
"PORCE II",0.00, 0.00, 0.00, 0.00, 0.00, 0.00, 0.00, 0.00, 0.00, 0.00, 0.00, 0.00, 0.00, 0.00, 0.00, 0.00, 251.26, 0.00, 270.00, 270.00, 270.00, 270.00, 405.00, 34.87
"PORCE III",110.49, 0.00, 0.00, 0.00, 0.00, 0.00, 0.00, 0.00, 0.00, 0.00, 0.00, 0.00, 0.00, 0.00, 0.00, 384.35, 525.00, 492.52, 525.00, 525.00, 525.00, 525.00, 525.00, 525.00
"PORCE III MENOR",1.50, 1.50, 1.50, 1.50, 1.50, 1.50, 1.50, 1.50, 1.50, 1.50, 1.50, 1.50, 1.50, 1.50, 1.50, 1.50, 1.50, 1.50, 1.50, 1.50, 1.50, 1.50, 1.50, 1.50
"PORTON DEL SOL",0.00, 0.00, 0.00, 0.00, 0.00, 0.00, 11.00, 39.00, 55.00, 73.00, 78.00, 81.00, 88.00, 88.00, 83.00, 74.00, 54.00, 15.00, 0.00, 0.00, 0.00, 0.00, 0.00, 0.00
"PRADO",0.00, 0.00, 0.00, 0.00, 0.00, 0.00, 0.00, 0.00, 0.00, 0.00, 0.00, 0.00, 0.00, 0.00, 0.00, 0.00, 0.00, 0.00, 0.00, 0.00, 0.00, 0.00, 0.00, 0.00
"PRADO IV",5.00, 5.00, 5.00, 5.00, 5.00, 5.00, 5.00, 5.00, 5.00, 5.00, 5.00, 5.00, 5.00, 5.00, 5.00, 5.00, 5.00, 5.00, 5.00, 5.00, 5.00, 5.00, 5.00, 5.00
"PROELECTRICA 1",0.00, 0.00, 0.00, 0.00, 0.00, 0.00, 0.00, 0.00, 0.00, 0.00, 0.00, 0.00, 0.00, 0.00, 0.00, 0.00, 0.00, 0.00, 0.00, 0.00, 0.00, 0.00, 0.00, 0.00
"PROELECTRICA 2",0.00, 0.00, 0.00, 0.00, 0.00, 0.00, 0.00, 0.00, 0.00, 0.00, 0.00, 0.00, 0.00, 0.00, 0.00, 0.00, 0.00, 0.00, 0.00, 0.00, 0.00, 0.00, 0.00, 0.00
"PROENCA II",0.00, 0.00, 0.00, 0.00, 0.00, 0.00, 0.00, 0.00, 0.00, 0.00, 0.00, 0.00, 0.00, 0.00, 0.00, 0.00, 0.00, 0.00, 0.00, 0.00, 0.00, 0.00, 0.00, 0.00
"PROVIDENCIA",3.47, 3.47, 3.47, 3.47, 3.47, 3.47, 3.71, 2.87, 2.87, 2.87, 3.96, 2.87, 4.90, 4.90, 4.90, 4.72, 2.87, 3.47, 3.47, 3.47, 3.47, 3.47, 3.47, 3.47
"PUENTE GUILLERMO",2.00, 2.00, 2.00, 2.00, 2.00, 2.00, 2.00, 2.00, 2.00, 2.00, 2.00, 2.00, 2.00, 2.00, 2.00, 2.00, 2.00, 2.00, 2.00, 2.00, 2.00, 2.00, 2.00, 2.00
"REMEDIOS",0.29, 0.29, 0.29, 0.29, 0.29, 0.29, 0.29, 0.29, 0.29, 0.29, 0.29, 0.29, 0.29, 0.29, 0.29, 0.29, 0.29, 0.29, 0.29, 0.29, 0.29, 0.29, 0.29, 0.29
"RIO BOBO",4.00, 4.00, 4.00, 4.00, 4.00, 4.00, 4.00, 4.00, 4.00, 4.00, 4.00, 4.00, 4.00, 4.00, 4.00, 4.00, 4.00, 4.00, 4.00, 4.00, 4.00, 4.00, 4.00, 4.00
"RIO CALI",1.00, 1.00, 1.00, 1.00, 1.00, 1.00, 1.00, 1.00, 1.00, 1.00, 1.00, 1.00, 1.00, 1.00, 1.00, 1.00, 1.00, 1.00, 1.00, 1.00, 1.00, 1.00, 1.00, 1.00
"RIO FRIO I",0.70, 0.70, 0.70, 0.70, 0.70, 0.70, 0.70, 0.70, 0.70, 0.70, 0.70, 0.70, 0.70, 0.70, 0.70, 0.70, 0.70, 0.70, 0.70, 0.70, 0.70, 0.70, 0.70, 0.70
"RIO FRIO II",2.00, 2.00, 2.00, 2.00, 2.00, 2.00, 2.00, 2.00, 2.00, 2.00, 2.00, 2.00, 2.00, 2.00, 2.00, 2.00, 2.00, 2.00, 2.00, 2.00, 2.00, 2.00, 2.00, 2.00
"RIO GRANDE",0.30, 0.30, 0.30, 0.30, 0.30, 0.30, 0.30, 0.30, 0.30, 0.30, 0.30, 0.30, 0.30, 0.30, 0.30, 0.30, 0.30, 0.30, 0.30, 0.30, 0.30, 0.30, 0.30, 0.30
"RIO MAYO",19.80, 19.80, 19.80, 19.80, 19.80, 19.80, 19.80, 19.80, 19.80, 19.80, 19.80, 19.20, 13.20, 13.20, 13.20, 13.20, 19.20, 19.80, 19.80, 19.80, 19.80, 19.80, 19.80, 19.20
"RIO PALO",1.03, 1.03, 1.01, 1.00, 1.02, 1.01, 1.00, 1.03, 0.97, 0.95, 0.98, 0.99, 0.98, 1.06, 1.07, 1.06, 1.04, 0.98, 1.01, 1.00, 1.03, 1.04, 1.04, 1.04
"RIO PIEDRAS",8.00, 8.00, 8.00, 8.00, 8.00, 8.00, 8.00, 8.00, 8.00, 8.00, 8.00, 8.00, 8.00, 8.00, 8.00, 8.00, 8.00, 8.00, 8.00, 8.00, 8.00, 8.00, 8.00, 8.00
"RIO RECIO",0.48, 0.48, 0.48, 0.48, 0.48, 0.48, 0.48, 0.48, 0.48, 0.48, 0.48, 0.48, 0.48, 0.48, 0.48, 0.48, 0.48, 0.48, 0.48, 0.48, 0.48, 0.48, 0.48, 0.48
"RIO SAPUYES",1.00, 1.00, 1.00, 1.00, 1.00, 1.00, 1.00, 1.00, 1.00, 1.00, 1.00, 1.00, 1.00, 1.00, 1.00, 1.00, 1.00, 1.00, 1.00, 1.00, 1.00, 1.00, 1.00, 1.00
"RIOFRIO (TAMESIS)",0.79, 0.79, 0.79, 0.79, 0.79, 0.79, 0.79, 0.79, 0.79, 0.79, 0.79, 0.79, 0.79, 0.79, 0.79, 0.79, 0.79, 0.79, 0.79, 0.79, 0.79, 0.79, 0.79, 0.79
"RIOGRANDE I",0.00, 0.00, 0.00, 0.00, 0.00, 0.00, 0.00, 0.00, 0.00, 0.00, 0.00, 0.00, 0.00, 0.00, 0.00, 0.00, 0.00, 0.00, 0.00, 0.00, 0.00, 0.00, 0.00, 0.00
"RIONEGRO",9.00, 9.00, 9.00, 9.00, 8.00, 8.00, 8.00, 7.00, 7.00, 8.00, 9.00, 8.00, 8.00, 9.00, 9.00, 9.00, 9.00, 9.00, 8.00, 9.00, 9.00, 9.00, 9.00, 9.00
"ROKRA",0.00, 0.00, 0.00, 0.00, 0.00, 0.01, 0.42, 1.83, 3.77, 5.63, 6.74, 7.82, 8.08, 7.27, 6.16, 4.62, 2.46, 0.51, 0.00, 0.00, 0.00, 0.00, 0.00, 0.00
"ROVIRA",0.00, 0.00, 0.00, 0.00, 0.00, 0.32, 1.60, 2.24, 2.70, 3.00, 3.10, 3.10, 2.50, 2.17, 2.00, 1.26, 0.21, 0.14, 0.00, 0.00, 0.00, 0.00, 0.00, 0.00
"RUMOR",1.20, 1.20, 1.20, 1.20, 1.20, 1.20, 1.20, 1.20, 1.20, 1.20, 1.20, 1.20, 1.20, 1.20, 1.20, 1.20, 1.20, 1.20, 1.20, 1.20, 1.20, 1.20, 1.20, 1.20
"SAJANDI",2.46, 2.46, 2.40, 2.08, 2.43, 2.45, 2.45, 2.47, 2.47, 2.46, 2.52, 2.36, 2.59, 2.54, 2.14, 2.48, 2.48, 2.01, 2.46, 2.44, 2.44, 2.43, 2.29, 2.28
"SALTO II",0.00, 0.00, 0.00, 0.00, 0.00, 0.00, 0.00, 0.00, 0.00, 0.00, 0.00, 0.00, 0.00, 0.00, 0.00, 0.00, 0.00, 0.00, 0.00, 0.00, 0.00, 0.00, 0.00, 0.00
"SALVAJINA",0.00, 0.00, 0.00, 0.00, 0.00, 0.00, 0.00, 0.00, 0.00, 0.00, 0.00, 0.00, 0.00, 0.00, 0.00, 0.00, 0.00, 0.00, 0.00, 0.00, 0.00, 0.00, 0.00, 0.00
"SAN ANDRES DE CUERQUIA",10.00, 10.00, 10.00, 10.00, 10.00, 10.00, 10.00, 10.00, 10.00, 10.00, 10.00, 10.00, 10.00, 10.00, 10.00, 10.00, 10.00, 10.00, 10.00, 10.00, 10.00, 10.00, 10.00, 10.00
"SAN BARTOLOME",7.00, 7.00, 7.00, 7.00, 7.00, 7.00, 7.00, 7.00, 7.00, 7.00, 7.00, 7.00, 7.00, 7.00, 7.00, 7.00, 7.00, 7.00, 7.00, 7.00, 7.00, 7.00, 7.00, 7.00
"SAN CANCIO",0.70, 0.70, 0.70, 0.70, 0.70, 0.70, 0.70, 0.70, 0.70, 0.70, 0.70, 0.70, 0.70, 0.70, 0.70, 0.70, 0.70, 0.70, 0.70, 0.70, 0.70, 0.70, 0.70, 0.70
"SAN CARLOS",618.00, 395.84, 141.91, 82.23, 144.61, 348.04, 119.21, 0.00, 0.00, 0.00, 0.00, 0.00, 0.00, 17.01, 477.42, 618.00, 618.00, 1240.00, 1240.00, 1240.00, 1240.00, 618.00, 618.00, 618.00
"SAN FRANCISCO",0.00, 0.00, 0.00, 0.00, 0.00, 0.00, 0.00, 90.00, 90.00, 90.00, 0.00, 0.00, 0.00, 0.00, 0.00, 0.00, 0.00, 0.00, 135.00, 135.00, 0.00, 0.00, 0.00, 0.00
"SAN FRANCISCO (PUTUMAYO)",0.35, 0.35, 0.35, 0.35, 0.35, 0.35, 0.35, 0.35, 0.35, 0.35, 0.35, 0.35, 0.35, 0.35, 0.35, 0.35, 0.35, 0.35, 0.35, 0.35, 0.35, 0.35, 0.35, 0.35
"SAN JOSE",0.00, 0.00, 0.00, 0.00, 0.00, 0.00, 0.00, 0.00, 0.00, 0.00, 0.00, 0.00, 0.00, 0.00, 0.00, 0.00, 0.00, 0.00, 0.00, 0.00, 0.00, 0.00, 0.00, 0.00
"SAN JOSE DE LA MONTAÑA",0.28, 0.28, 0.28, 0.28, 0.28, 0.28, 0.28, 0.28, 0.28, 0.28, 0.28, 0.28, 0.28, 0.28, 0.28, 0.28, 0.28, 0.28, 0.28, 0.28, 0.28, 0.28, 0.28, 0.28
"SAN JOSE DE LA MONTAÑA II",0.00, 0.00, 0.00, 0.00, 0.00, 0.00, 0.00, 0.00, 0.00, 0.00, 0.00, 0.00, 0.00, 0.00, 0.00, 0.00, 0.00, 0.00, 0.00, 0.00, 0.00, 0.00, 0.00, 0.00
"SAN MATIAS",11.52, 11.52, 11.52, 11.52, 11.52, 11.52, 11.52, 11.52, 11.52, 11.52, 11.52, 11.52, 11.52, 11.52, 11.52, 11.52, 11.52, 11.52, 11.52, 11.52, 11.52, 11.52, 11.52, 11.52
"SAN MIGUEL",47.00, 47.00, 47.00, 47.00, 47.00, 47.00, 47.00, 47.00, 47.00, 47.00, 47.00, 47.00, 47.00, 47.00, 47.00, 47.00, 47.00, 47.00, 47.00, 47.00, 47.00, 47.00, 47.00, 47.00
"SAN ONOFRE",0.00, 0.00, 0.00, 0.00, 0.00, 0.01, 0.30, 0.60, 0.60, 0.70, 0.70, 0.80, 0.70, 0.70, 0.70, 0.30, 0.10, 0.05, 0.00, 0.00, 0.00, 0.00, 0.00, 0.00
"SANTA ANA",0.00, 0.00, 0.00, 0.00, 0.00, 0.00, 0.00, 0.00, 0.00, 0.00, 0.00, 0.00, 0.00, 0.00, 0.00, 0.00, 0.00, 0.00, 0.00, 0.00, 0.00, 0.00, 0.00, 0.00
"SANTA RITA",0.48, 0.48, 0.48, 0.48, 0.48, 0.48, 0.48, 0.48, 0.48, 0.48, 0.48, 0.48, 0.48, 0.48, 0.48, 0.48, 0.48, 0.48, 0.48, 0.48, 0.48, 0.48, 0.48, 0.48
"SANTIAGO",0.98, 0.98, 0.98, 0.98, 0.98, 0.98, 0.98, 0.98, 0.98, 0.98, 0.98, 0.98, 0.98, 0.98, 0.98, 0.98, 0.98, 0.98, 0.98, 0.98, 0.98, 0.98, 0.98, 0.98
"SHANGRI LA",0.00, 0.00, 0.00, 0.00, 0.00, 0.00, 11.00, 48.00, 77.00, 114.00, 133.00, 145.00, 146.00, 147.00, 138.00, 114.00, 58.00, 13.00, 0.00, 0.00, 0.00, 0.00, 0.00, 0.00
"SILVIA",0.32, 0.32, 0.32, 0.32, 0.32, 0.32, 0.32, 0.32, 0.31, 0.31, 0.30, 0.29, 0.30, 0.30, 0.31, 0.30, 0.31, 0.30, 0.31, 0.32, 0.32, 0.32, 0.32, 0.32
"SINCE",0.00, 0.00, 0.00, 0.00, 0.00, 0.00, 2.00, 6.00, 14.00, 17.00, 17.00, 18.00, 18.00, 18.00, 17.00, 16.00, 10.00, 3.00, 0.00, 0.00, 0.00, 0.00, 0.00, 0.00
"SOGAMOSO",819.00, 819.00, 819.00, 819.00, 819.00, 819.00, 819.00, 819.00, 819.00, 819.00, 819.00, 819.00, 819.00, 819.00, 819.00, 819.00, 819.00, 819.00, 819.00, 819.00, 819.00, 819.00, 819.00, 819.00
"SOL DE ZAWADY",0.00, 0.00, 0.00, 0.00, 0.00, 0.00, 1.84, 6.97, 8.68, 9.59, 9.90, 9.90, 9.90, 9.12, 7.64, 6.40, 3.79, 1.53, 0.00, 0.00, 0.00, 0.00, 0.00, 0.00
"SOL Y CIELO I",0.00, 0.00, 0.00, 0.00, 0.00, 0.00, 0.15, 1.29, 3.02, 4.30, 5.20, 5.30, 5.72, 5.43, 4.69, 3.77, 1.99, 0.45, 0.00, 0.00, 0.00, 0.00, 0.00, 0.00
"SOL Y CIELO II",0.00, 0.00, 0.00, 0.00, 0.00, 0.00, 0.01, 0.14, 0.32, 0.46, 0.56, 0.59, 0.61, 0.58, 0.50, 0.40, 0.21, 0.05, 0.00, 0.00, 0.00, 0.00, 0.00, 0.00
"SOL Y CIELO III",0.00, 0.00, 0.00, 0.00, 0.00, 0.00, 0.01, 0.10, 0.29, 0.43, 0.53, 0.52, 0.54, 0.55, 0.48, 0.35, 0.20, 0.04, 0.00, 0.00, 0.00, 0.00, 0.00, 0.00
"SOL Y CIELO IV",0.00, 0.00, 0.00, 0.00, 0.00, 0.00, 0.00, 0.10, 0.27, 0.40, 0.53, 0.54, 0.59, 0.58, 0.50, 0.38, 0.22, 0.04, 0.00, 0.00, 0.00, 0.00, 0.00, 0.00
"SOL Y CIELO V",0.00, 0.00, 0.00, 0.00, 0.00, 0.00, 0.01, 0.11, 0.29, 0.42, 0.50, 0.52, 0.51, 0.54, 0.46, 0.33, 0.19, 0.04, 0.00, 0.00, 0.00, 0.00, 0.00, 0.00
"SOL Y CIELO VI",0.00, 0.00, 0.00, 0.00, 0.00, 0.00, 0.01, 0.11, 0.29, 0.42, 0.49, 0.50, 0.50, 0.52, 0.45, 0.33, 0.19, 0.04, 0.00, 0.00, 0.00, 0.00, 0.00, 0.00
"SOL Y CIELO VII",0.00, 0.00, 0.00, 0.00, 0.00, 0.01, 0.30, 0.60, 0.60, 0.70, 0.80, 0.90, 0.80, 0.70, 0.70, 0.30, 0.10, 0.05, 0.00, 0.00, 0.00, 0.00, 0.00, 0.00
"SOLAR ALEJANDRIA",0.00, 0.00, 0.00, 0.00, 0.00, 0.01, 0.03, 0.24, 0.36, 0.51, 0.63, 0.54, 0.61, 0.20, 0.10, 0.00, 0.00, 0.00, 0.00, 0.00, 0.00, 0.00, 0.00, 0.00
"SOLAR ARDOBELA I",0.00, 0.00, 0.00, 0.00, 0.00, 0.00, 1.00, 3.00, 6.00, 7.00, 8.00, 7.00, 7.00, 7.00, 6.00, 4.00, 2.00, 1.00, 0.00, 0.00, 0.00, 0.00, 0.00, 0.00
"SOLAR ARDOBELA II",0.00, 0.00, 0.00, 0.00, 0.00, 0.00, 1.00, 3.00, 6.00, 7.00, 8.00, 7.00, 7.00, 7.00, 6.00, 4.00, 2.00, 1.00, 0.00, 0.00, 0.00, 0.00, 0.00, 0.00
"SOLAR OLD T",0.00, 0.00, 0.00, 0.00, 0.00, 0.00, 0.61, 3.06, 7.34, 8.56, 8.56, 8.56, 7.95, 7.34, 5.50, 2.45, 1.22, 0.00, 0.00, 0.00, 0.00, 0.00, 0.00, 0.00
"SOLAR PALMASECA I",0.00, 0.00, 0.00, 0.00, 0.00, 0.00, 0.00, 2.00, 4.00, 7.00, 7.00, 9.00, 10.00, 10.00, 9.00, 7.00, 4.00, 1.00, 0.00, 0.00, 0.00, 0.00, 0.00, 0.00
"SOLAR PALMASECA II",0.00, 0.00, 0.00, 0.00, 0.00, 0.00, 0.00, 1.00, 4.00, 6.00, 6.00, 8.00, 9.00, 8.00, 7.00, 6.00, 3.00, 0.00, 0.00, 0.00, 0.00, 0.00, 0.00, 0.00
"SOLAR PLANETA RICA",0.00, 0.00, 0.00, 0.00, 0.00, 0.00, 0.00, 0.00, 0.00, 0.00, 0.00, 0.00, 0.00, 0.00, 0.00, 0.00, 0.00, 0.00, 0.00, 0.00, 0.00, 0.00, 0.00, 0.00
"SOLAR PN I",0.00, 0.00, 0.00, 0.00, 0.00, 0.00, 0.68, 3.41, 8.19, 9.55, 9.55, 9.55, 8.87, 8.19, 6.14, 2.73, 1.36, 0.00, 0.00, 0.00, 0.00, 0.00, 0.00, 0.00
"SONSON",4.00, 4.00, 4.00, 4.00, 4.00, 4.00, 4.00, 4.00, 4.00, 4.00, 4.00, 4.00, 4.00, 4.00, 4.00, 4.00, 4.00, 4.00, 4.00, 4.00, 4.00, 4.00, 4.00, 4.00
"SUBA",1.70, 1.70, 1.70, 1.70, 1.70, 1.70, 1.70, 1.70, 1.70, 1.70, 1.70, 1.70, 1.70, 1.70, 1.70, 1.70, 1.70, 1.70, 1.70, 1.70, 1.70, 1.70, 1.70, 1.70
"SUEVA 2",5.50, 5.50, 5.50, 5.50, 5.50, 5.50, 5.50, 5.50, 5.50, 5.50, 5.50, 5.50, 5.50, 5.50, 5.50, 5.50, 5.50, 5.50, 5.50, 5.50, 5.50, 5.50, 5.50, 5.50
"SUNNORTE",0.00, 0.00, 0.00, 0.00, 0.00, 0.00, 2.00, 10.00, 19.00, 25.00, 27.00, 24.00, 21.00, 19.00, 18.00, 14.00, 8.00, 2.00, 0.00, 0.00, 0.00, 0.00, 0.00, 0.00
"TASAJERO 1",165.00, 165.00, 165.00, 165.00, 165.00, 165.00, 165.00, 165.00, 165.00, 165.00, 165.00, 165.00, 165.00, 165.00, 165.00, 165.00, 165.00, 165.00, 165.00, 165.00, 165.00, 165.00, 165.00, 165.00
"TASAJERO 2",170.00, 170.00, 170.00, 170.00, 170.00, 170.00, 170.00, 170.00, 170.00, 170.00, 170.00, 170.00, 170.00, 170.00, 170.00, 170.00, 170.00, 170.00, 170.00, 170.00, 170.00, 170.00, 170.00, 170.00
"TEBSAB CC",0.00, 0.00, 0.00, 0.00, 0.00, 0.00, 0.00, 0.00, 0.00, 0.00, 0.00, 0.00, 0.00, 0.00, 0.00, 0.00, 0.00, 0.00, 642.00, 642.00, 642.00, 642.00, 136.57, 0.00
"TEQUENDAMA 1",14.20, 14.20, 14.20, 14.20, 14.20, 14.20, 14.20, 14.20, 14.20, 14.20, 14.20, 14.20, 14.20, 14.20, 14.20, 14.20, 14.20, 14.20, 14.20, 14.20, 14.20, 14.20, 14.20, 14.20
"TEQUENDAMA 2",14.20, 14.20, 14.20, 14.20, 14.20, 14.20, 14.20, 14.20, 14.20, 14.20, 14.20, 14.20, 14.20, 14.20, 14.20, 14.20, 14.20, 14.20, 14.20, 14.20, 14.20, 14.20, 14.20, 14.20
"TEQUENDAMA 3",14.20, 14.20, 14.20, 14.20, 14.20, 14.20, 14.20, 14.20, 14.20, 14.20, 14.20, 14.20, 14.20, 14.20, 14.20, 14.20, 14.20, 14.20, 14.20, 14.20, 14.20, 14.20, 14.20, 14.20
"TEQUENDAMA 4",0.00, 0.00, 0.00, 0.00, 0.00, 0.00, 0.00, 0.00, 0.00, 0.00, 0.00, 0.00, 0.00, 0.00, 0.00, 0.00, 0.00, 0.00, 0.00, 0.00, 0.00, 0.00, 0.00, 0.00
"TEQUENDAMA BIOGAS",0.00, 0.00, 0.00, 0.00, 0.00, 0.00, 0.00, 0.00, 0.00, 0.00, 0.00, 0.00, 0.00, 0.00, 0.00, 0.00, 0.00, 0.00, 0.00, 0.00, 0.00, 0.00, 0.00, 0.00
"TERMOBOLIVAR",0.00, 0.00, 0.00, 0.00, 0.00, 0.00, 0.00, 0.00, 0.00, 0.00, 0.00, 0.00, 0.00, 0.00, 0.00, 0.00, 0.00, 0.00, 0.00, 0.00, 0.00, 0.00, 0.00, 0.00
"TERMOCANDELARIA CC",555.00, 555.00, 555.00, 555.00, 555.00, 555.00, 555.00, 555.00, 555.00, 555.00, 555.00, 555.00, 555.00, 555.00, 555.00, 555.00, 555.00, 555.00, 555.00, 555.00, 555.00, 555.00, 555.00, 555.00
"TERMOCAPACHOS",0.00, 0.00, 0.00, 0.00, 0.00, 0.00, 0.00, 0.00, 0.00, 0.00, 0.00, 0.00, 0.00, 0.00, 0.00, 0.00, 0.00, 0.00, 0.00, 0.00, 0.00, 0.00, 0.00, 0.00
"TERMOCARIBE III",0.00, 0.00, 0.00, 0.00, 0.00, 0.00, 0.00, 0.00, 0.00, 0.00, 0.00, 0.00, 0.00, 0.00, 0.00, 0.00, 0.00, 0.00, 0.00, 0.00, 0.00, 0.00, 0.00, 0.00
"TERMOCENTRO CC",0.00, 0.00, 0.00, 0.00, 0.00, 0.00, 0.00, 0.00, 0.00, 0.00, 0.00, 0.00, 0.00, 0.00, 0.00, 0.00, 0.00, 0.00, 0.00, 0.00, 0.00, 0.00, 0.00, 0.00
"TERMODORADA 1",0.00, 0.00, 0.00, 0.00, 0.00, 0.00, 0.00, 0.00, 0.00, 0.00, 0.00, 0.00, 0.00, 0.00, 0.00, 0.00, 0.00, 0.00, 0.00, 0.00, 0.00, 0.00, 0.00, 0.00
"TERMOEMCALI CC",0.00, 0.00, 0.00, 0.00, 0.00, 0.00, 0.00, 0.00, 0.00, 0.00, 0.00, 0.00, 0.00, 0.00, 0.00, 0.00, 0.00, 0.00, 0.00, 0.00, 0.00, 0.00, 0.00, 0.00
"TERMOFENIX I",0.00, 0.00, 0.00, 0.00, 0.00, 0.00, 0.00, 0.00, 0.00, 0.00, 0.00, 0.00, 0.00, 0.00, 0.00, 0.00, 0.00, 0.00, 0.00, 0.00, 0.00, 0.00, 0.00, 0.00
"TERMOMECHERO 4",0.00, 0.00, 0.00, 0.00, 0.00, 0.00, 0.00, 0.00, 0.00, 0.00, 0.00, 0.00, 0.00, 0.00, 0.00, 0.00, 0.00, 0.00, 0.00, 0.00, 0.00, 0.00, 0.00, 0.00
"TERMOMECHERO 5",0.00, 0.00, 0.00, 0.00, 0.00, 0.00, 0.00, 0.00, 0.00, 0.00, 0.00, 0.00, 0.00, 0.00, 0.00, 0.00, 0.00, 0.00, 0.00, 0.00, 0.00, 0.00, 0.00, 0.00
"TERMOMECHERO 6",0.00, 0.00, 0.00, 0.00, 0.00, 0.00, 0.00, 0.00, 0.00, 0.00, 0.00, 0.00, 0.00, 0.00, 0.00, 0.00, 0.00, 0.00, 0.00, 0.00, 0.00, 0.00, 0.00, 0.00
"TERMONORTE",0.00, 0.00, 0.00, 0.00, 0.00, 0.00, 0.00, 0.00, 0.00, 0.00, 0.00, 0.00, 0.00, 0.00, 0.00, 0.00, 0.00, 0.00, 0.00, 0.00, 0.00, 0.00, 0.00, 0.00
"TERMOPIEDRAS",3.75, 3.75, 3.75, 3.75, 3.75, 3.75, 3.75, 3.75, 3.75, 3.75, 3.75, 3.75, 3.75, 3.75, 3.75, 3.75, 3.75, 3.75, 3.75, 3.75, 3.75, 3.75, 3.75, 3.75
"TERMOSARAVENA",0.00, 0.00, 0.00, 0.00, 0.00, 0.00, 0.00, 0.00, 0.00, 0.00, 0.00, 0.00, 0.00, 0.00, 0.00, 0.00, 0.00, 0.00, 0.00, 0.00, 0.00, 0.00, 0.00, 0.00
"TERMOSIERRA CC",0.00, 0.00, 0.00, 0.00, 0.00, 0.00, 0.00, 0.00, 0.00, 0.00, 0.00, 0.00, 0.00, 0.00, 0.00, 0.00, 0.00, 0.00, 0.00, 0.00, 0.00, 0.00, 0.00, 0.00
"TERMOTASAJERO DOS SOLAR",0.00, 0.00, 0.00, 0.00, 0.00, 0.00, 0.30, 0.50, 1.70, 2.70, 3.40, 3.40, 3.40, 3.40, 2.70, 1.70, 0.40, 0.20, 0.00, 0.00, 0.00, 0.00, 0.00, 0.00
"TERMOVALLE CC",0.00, 0.00, 0.00, 0.00, 0.00, 0.00, 0.00, 0.00, 0.00, 0.00, 0.00, 0.00, 0.00, 0.00, 0.00, 0.00, 0.00, 0.00, 0.00, 0.00, 0.00, 0.00, 0.00, 0.00
"TERMOYOPAL 1",8.00, 8.00, 8.00, 8.00, 8.00, 8.00, 8.00, 8.00, 8.00, 8.00, 8.00, 8.00, 8.00, 8.00, 8.00, 8.00, 8.00, 8.00, 8.00, 8.00, 8.00, 8.00, 8.00, 8.00
"TERMOYOPAL 2",27.00, 27.00, 27.00, 27.00, 27.00, 27.00, 27.00, 27.00, 27.00, 27.00, 26.00, 26.00, 26.00, 26.00, 26.00, 26.00, 26.00, 27.00, 27.00, 27.00, 27.00, 27.00, 27.00, 27.00
"TERMOYOPAL G3",0.00, 0.00, 0.00, 0.00, 0.00, 0.00, 0.00, 0.00, 0.00, 0.00, 0.00, 0.00, 0.00, 0.00, 0.00, 0.00, 0.00, 0.00, 0.00, 0.00, 0.00, 0.00, 0.00, 0.00
"TERMOYOPAL G4",0.00, 0.00, 0.00, 0.00, 0.00, 0.00, 0.00, 0.00, 0.00, 0.00, 0.00, 0.00, 0.00, 0.00, 0.00, 0.00, 0.00, 0.00, 0.00, 0.00, 0.00, 0.00, 0.00, 0.00
"TERMOYOPAL G5",0.00, 0.00, 0.00, 0.00, 0.00, 0.00, 0.00, 0.00, 0.00, 0.00, 0.00, 0.00, 0.00, 0.00, 0.00, 0.00, 0.00, 0.00, 0.00, 0.00, 0.00, 0.00, 0.00, 0.00
"TESORITO",0.00, 0.00, 0.00, 0.00, 0.00, 0.00, 0.00, 0.00, 0.00, 0.00, 0.00, 0.00, 0.00, 0.00, 0.00, 0.00, 0.00, 0.00, 0.00, 0.00, 0.00, 0.00, 0.00, 0.00
"TIERRA LINDA",0.00, 0.00, 0.00, 0.00, 0.00, 0.00, 1.00, 2.00, 3.00, 4.00, 9.00, 9.00, 9.00, 9.00, 6.00, 6.00, 6.00, 2.00, 1.00, 0.00, 0.00, 0.00, 0.00, 0.00
"TRINA-VATIA BSLI",0.00, 0.00, 0.00, 0.00, 0.00, 0.00, 4.11, 6.71, 11.53, 13.72, 13.25, 14.04, 14.28, 13.88, 13.29, 10.13, 4.09, 0.00, 0.00, 0.00, 0.00, 0.00, 0.00, 0.00
"TRINA-VATIA BSLII",0.00, 0.00, 0.00, 0.00, 0.00, 0.00, 4.11, 6.71, 11.53, 13.72, 13.25, 14.04, 14.28, 13.88, 13.29, 10.13, 4.09, 0.00, 0.00, 0.00, 0.00, 0.00, 0.00, 0.00
"TRINA-VATIA BSLIII",0.00, 0.00, 0.00, 0.00, 0.00, 0.00, 4.11, 6.71, 11.53, 13.72, 13.25, 14.04, 14.28, 13.88, 13.29, 10.13, 4.09, 0.00, 0.00, 0.00, 0.00, 0.00, 0.00, 0.00
"TUNJITA",19.00, 19.00, 19.00, 19.00, 19.00, 19.00, 19.00, 19.00, 19.00, 19.00, 19.00, 19.00, 19.00, 19.00, 19.00, 19.00, 19.00, 19.00, 19.00, 19.00, 19.00, 19.00, 19.00, 19.00
"TZ II",0.00, 0.00, 0.00, 0.00, 0.00, 0.00, 0.00, 0.00, 0.00, 0.00, 0.00, 0.00, 0.00, 0.00, 0.00, 0.00, 0.00, 0.00, 0.00, 0.00, 0.00, 0.00, 0.00, 0.00
"UNION",0.60, 0.60, 0.60, 0.60, 0.60, 0.60, 0.60, 0.60, 0.60, 0.60, 0.60, 0.60, 0.60, 0.60, 0.60, 0.60, 0.60, 0.60, 0.60, 0.60, 0.60, 0.60, 0.60, 0.00
"URRA",204.00, 204.00, 204.00, 138.00, 138.00, 138.00, 138.00, 138.00, 138.00, 138.00, 138.00, 138.00, 138.00, 138.00, 138.00, 138.00, 204.00, 268.00, 268.00, 268.00, 268.00, 268.00, 268.00, 204.00
"URRAO",0.40, 0.40, 0.40, 0.40, 0.40, 0.40, 0.40, 0.40, 0.40, 0.40, 0.40, 0.40, 0.40, 0.40, 0.40, 0.40, 0.40, 0.40, 0.40, 0.40, 0.40, 0.40, 0.40, 0.40
"URUACO",0.00, 0.00, 0.00, 0.00, 0.00, 0.01, 0.30, 0.60, 0.60, 0.70, 0.70, 0.80, 0.70, 0.70, 0.70, 0.30, 0.01, 0.05, 0.00, 0.00, 0.00, 0.00, 0.00, 0.00
"USAQUEN",0.40, 0.40, 0.40, 0.40, 0.40, 0.40, 0.40, 0.40, 0.40, 0.40, 0.40, 0.40, 0.40, 0.40, 0.40, 0.40, 0.40, 0.40, 0.40, 0.40, 0.40, 0.40, 0.40, 0.40
"VALLEDUPAR I",0.00, 0.00, 0.00, 0.00, 0.00, 0.00, 4.00, 11.00, 11.00, 11.00, 11.00, 11.00, 11.00, 10.00, 7.00, 5.00, 2.00, 1.00, 0.00, 0.00, 0.00, 0.00, 0.00, 0.00
"VALLEDUPAR II",0.00, 0.00, 0.00, 0.00, 0.00, 0.00, 4.00, 11.00, 11.00, 11.00, 11.00, 11.00, 11.00, 10.00, 6.00, 5.00, 2.00, 1.00, 0.00, 0.00, 0.00, 0.00, 0.00, 0.00
"VALLEDUPAR III",0.00, 0.00, 0.00, 0.00, 0.00, 0.00, 0.00, 1.00, 2.00, 3.00, 9.00, 9.00, 9.00, 9.00, 9.00, 3.00, 2.00, 1.00, 0.00, 0.00, 0.00, 0.00, 0.00, 0.00
"VENTANA A",2.50, 2.50, 2.50, 2.50, 2.50, 2.50, 2.50, 2.50, 2.50, 2.50, 2.50, 2.50, 2.50, 2.50, 2.50, 2.50, 2.50, 2.50, 2.50, 2.50, 2.50, 2.50, 2.50, 2.50
"VENTANA B",0.00, 0.00, 0.00, 0.00, 0.00, 0.00, 0.00, 0.00, 0.00, 0.00, 0.00, 0.00, 0.00, 0.00, 0.00, 0.00, 0.00, 0.00, 0.00, 0.00, 0.00, 0.00, 0.00, 0.00
"VILLANUEVA",17.00, 17.00, 17.00, 17.00, 17.00, 17.00, 17.00, 17.00, 17.00, 17.00, 17.00, 17.00, 17.00, 17.00, 17.00, 17.00, 17.00, 17.00, 17.00, 17.00, 17.00, 17.00, 17.00, 17.00
"ZAMBRANO II",0.00, 0.00, 0.00, 0.00, 0.00, 0.39, 3.26, 8.60, 11.66, 13.18, 13.87, 14.00, 13.38, 12.91, 9.88, 2.39, 0.40, 0.00, 0.00, 0.00, 0.00, 0.00, 0.00, 0.00
"ZEUS",3.50, 3.50, 3.50, 3.50, 3.50, 3.50, 3.50, 3.50, 3.50, 3.50, 3.50, 3.50, 3.50, 3.50, 3.50, 3.50, 3.50, 3.50, 3.50, 3.50, 3.50, 3.50, 3.50, 3.50
"ZIPAEMG 2",34.00, 34.00, 34.00, 34.00, 34.00, 34.00, 34.00, 34.00, 34.00, 34.00, 34.00, 34.00, 34.00, 34.00, 34.00, 34.00, 34.00, 34.00, 34.00, 34.00, 34.00, 34.00, 34.00, 34.00
"ZIPAEMG 3",55.00, 55.00, 55.00, 55.00, 55.00, 55.00, 55.00, 55.00, 55.00, 55.00, 55.00, 55.00, 55.00, 55.00, 55.00, 55.00, 55.00, 55.00, 55.00, 55.00, 55.00, 55.00, 55.00, 55.00
"ZIPAEMG 4",64.00, 64.00, 64.00, 64.00, 64.00, 64.00, 64.00, 64.00, 64.00, 64.00, 64.00, 64.00, 64.00, 64.00, 64.00, 64.00, 64.00, 64.00, 64.00, 64.00, 64.00, 64.00, 64.00, 64.00
"ZIPAEMG 5",63.00, 63.00, 63.00, 63.00, 63.00, 63.00, 63.00, 63.00, 63.00, 63.00, 63.00, 63.00, 63.00, 63.00, 63.00, 63.00, 63.00, 63.00, 63.00, 63.00, 63.00, 63.00, 63.00, 63.00
