"AGUA FRESCA",7.29, 7.29, 7.29, 7.29, 7.29, 7.29, 7.29, 7.29, 7.29, 7.29, 7.29, 7.29, 7.29, 7.29, 7.29, 7.29, 7.29, 7.29, 7.29, 7.29, 7.29, 7.29, 7.29, 7.29
"ALBAN",0.00, 0.00, 0.00, 0.00, 0.00, 0.00, 0.00, 0.00, 0.00, 0.00, 0.00, 0.00, 0.00, 0.00, 0.00, 229.35, 288.00, 288.00, 288.00, 288.00, 288.00, 288.00, 288.00, 0.00
"ALEJANDRIA",8.89, 8.89, 8.89, 8.89, 8.89, 8.89, 8.89, 8.89, 8.89, 8.89, 8.89, 8.89, 8.89, 8.89, 8.89, 8.89, 8.89, 8.89, 8.89, 8.89, 8.89, 8.89, 8.89, 8.89
"ALMA II",0.00, 0.00, 0.00, 0.00, 0.00, 0.00, 0.90, 3.90, 6.30, 8.10, 9.80, 8.40, 8.10, 8.00, 6.60, 4.50, 1.00, 0.10, 0.00, 0.00, 0.00, 0.00, 0.00, 0.00
"ALTO TULUA",0.00, 0.00, 0.00, 0.00, 0.00, 0.00, 0.00, 0.00, 0.00, 0.00, 0.00, 0.00, 0.00, 0.00, 0.00, 0.00, 0.00, 0.00, 0.00, 0.00, 0.00, 0.00, 0.00, 0.00
"AMAIME",0.00, 0.00, 0.00, 0.00, 0.00, 0.00, 0.00, 0.00, 0.00, 0.00, 0.00, 0.00, 0.00, 0.00, 0.00, 0.00, 0.00, 0.00, 0.00, 0.00, 0.00, 0.00, 0.00, 0.00
"AMALFI",0.45, 0.45, 0.45, 0.45, 0.45, 0.45, 0.45, 0.45, 0.45, 0.45, 0.45, 0.45, 0.45, 0.45, 0.45, 0.45, 0.45, 0.45, 0.45, 0.45, 0.45, 0.45, 0.45, 0.45
"AMERICA",0.00, 0.00, 0.00, 0.00, 0.00, 0.00, 0.00, 0.00, 0.00, 0.00, 0.00, 0.00, 0.00, 0.00, 0.00, 0.00, 0.00, 0.00, 0.00, 0.00, 0.00, 0.00, 0.00, 0.00
"AMOYA LA ESPERANZA",75.00, 75.00, 75.00, 75.00, 75.00, 75.00, 75.00, 75.00, 75.00, 75.00, 75.00, 75.00, 75.00, 75.00, 75.00, 75.00, 75.00, 75.00, 75.00, 75.00, 75.00, 75.00, 75.00, 75.00
"ASNAZU",0.45, 0.45, 0.45, 0.45, 0.45, 0.45, 0.44, 0.45, 0.44, 0.43, 0.43, 0.43, 0.43, 0.42, 0.42, 0.42, 0.42, 0.42, 0.43, 0.44, 0.45, 0.44, 0.45, 0.45
"ATLANTICO",0.00, 0.00, 0.00, 0.00, 0.00, 0.00, 30.00, 93.00, 136.00, 151.00, 159.00, 159.00, 159.00, 159.00, 155.00, 134.00, 94.00, 29.00, 0.00, 0.00, 0.00, 0.00, 0.00, 0.00
"AURES BAJO",7.70, 7.70, 7.70, 7.70, 7.50, 7.50, 7.50, 7.50, 7.30, 7.30, 7.30, 7.30, 7.00, 7.00, 7.00, 7.30, 7.30, 7.30, 7.30, 7.30, 7.30, 7.30, 7.30, 7.30
"AUTOG ARGOS EL CAIRO",6.50, 6.50, 6.50, 6.50, 6.50, 6.50, 6.50, 6.50, 6.50, 6.50, 6.50, 6.50, 6.50, 6.50, 6.50, 6.50, 6.50, 6.50, 6.50, 6.50, 6.50, 6.50, 6.50, 6.50
"AUTOG ARGOS SOGAMOSO",7.50, 7.50, 7.50, 7.50, 7.50, 7.50, 7.50, 7.50, 7.50, 7.50, 7.50, 7.50, 7.50, 7.50, 7.50, 7.50, 7.50, 7.50, 7.50, 7.50, 7.50, 7.50, 7.50, 7.50
"AUTOG ARGOS YUMBO",0.00, 0.00, 0.00, 0.00, 0.00, 0.00, 0.00, 0.00, 0.00, 0.00, 0.00, 0.00, 0.00, 0.00, 0.00, 0.00, 0.00, 0.00, 0.00, 0.00, 0.00, 0.00, 0.00, 0.00
"AUTOG AYURA",10.00, 10.00, 10.00, 10.00, 10.00, 10.00, 10.00, 10.00, 10.00, 10.00, 10.00, 10.00, 10.00, 10.00, 10.00, 10.00, 10.00, 10.00, 10.00, 11.00, 11.00, 11.00, 11.00, 11.00
"AUTOG BIODIANA",1.45, 1.45, 1.45, 1.45, 1.45, 1.45, 1.45, 1.45, 1.45, 1.45, 1.45, 1.45, 1.45, 1.45, 1.45, 1.45, 1.45, 1.45, 1.45, 1.45, 1.45, 1.45, 1.45, 1.52
"AUTOG BIOS CIENAGA ORO",0.00, 0.00, 0.00, 0.00, 0.00, 0.00, 0.00, 0.00, 0.00, 0.00, 0.00, 0.00, 0.00, 0.00, 0.00, 0.00, 0.00, 0.00, 0.00, 0.00, 0.00, 0.00, 0.00, 0.00
"AUTOG BIOS CONTEGRAL CARTAGO",0.00, 0.00, 0.00, 0.00, 0.00, 0.00, 0.00, 0.00, 0.00, 0.00, 0.00, 0.00, 0.00, 0.00, 0.00, 0.00, 0.00, 0.00, 0.00, 0.00, 0.00, 0.00, 0.00, 0.00
"AUTOG BIOS CONTEGRAL NEIVA",0.00, 0.00, 0.00, 0.00, 0.00, 0.00, 0.00, 0.00, 0.00, 0.00, 0.00, 0.00, 0.00, 0.00, 0.00, 0.00, 0.00, 0.00, 0.00, 0.00, 0.00, 0.00, 0.00, 0.00
"AUTOG BIOS FINCA BUGA",0.00, 0.00, 0.00, 0.00, 0.00, 0.00, 0.00, 0.00, 0.00, 0.00, 0.00, 0.00, 0.00, 0.00, 0.00, 0.00, 0.00, 0.00, 0.00, 0.00, 0.00, 0.00, 0.00, 0.00
"AUTOG BUGA I GRASAS",0.00, 0.00, 0.00, 0.00, 0.00, 0.00, 0.00, 0.00, 0.00, 0.00, 1.00, 0.00, 0.00, 0.00, 0.00, 0.00, 0.00, 0.00, 0.00, 0.00, 0.00, 0.00, 0.00, 0.00
"AUTOG BUGA I SOLLA",0.00, 0.00, 0.00, 0.00, 0.00, 0.00, 0.00, 0.00, 2.00, 1.00, 2.00, 0.00, 0.00, 0.00, 0.00, 0.00, 0.00, 0.00, 0.00, 0.00, 0.00, 0.00, 0.00, 0.00
"AUTOG CANTAYUS",3.08, 3.34, 3.34, 3.34, 3.36, 3.36, 3.36, 3.40, 3.38, 3.28, 3.16, 3.34, 3.62, 3.60, 3.58, 3.56, 3.54, 3.46, 3.34, 2.82, 2.68, 2.42, 2.72, 3.02
"AUTOG CARVAJAL GINEBRA",0.00, 0.00, 0.00, 0.00, 0.00, 0.00, 0.00, 0.00, 0.00, 0.03, 0.09, 0.02, 0.06, 0.06, 0.01, 0.00, 0.00, 0.00, 0.00, 0.00, 0.00, 0.00, 0.00, 0.00
"AUTOG CELSIA SOLAR ESCOBAL CEMEX",0.00, 0.00, 0.00, 0.00, 0.00, 0.00, 0.00, 0.00, 0.00, 0.00, 0.00, 0.00, 0.00, 0.00, 0.00, 0.00, 0.00, 0.00, 0.00, 0.00, 0.00, 0.00, 0.00, 0.00
"AUTOG CELSIA SOLAR ESPINAL",0.00, 0.00, 0.00, 0.00, 0.00, 0.00, 0.00, 0.00, 1.00, 3.00, 3.00, 5.00, 5.00, 2.00, 3.00, 1.00, 0.00, 0.00, 0.00, 0.00, 0.00, 0.00, 0.00, 0.00
"AUTOG CELSIA SOLAR HARINAS",0.00, 0.00, 0.00, 0.00, 0.00, 0.00, 0.00, 0.00, 0.00, 0.00, 0.00, 0.00, 0.00, 0.00, 0.00, 0.00, 0.00, 0.00, 0.00, 0.00, 0.00, 0.00, 0.00, 0.00
"AUTOG CELSIA SOLAR LEVAPAN",0.00, 0.00, 0.00, 0.00, 0.00, 0.00, 0.00, 0.00, 0.00, 4.00, 3.00, 3.00, 1.00, 2.00, 0.00, 0.00, 0.00, 0.00, 0.00, 0.00, 0.00, 0.00, 0.00, 0.00
"AUTOG CELSIA SOLAR PALMIRA 3",0.00, 0.00, 0.00, 0.00, 0.00, 0.00, 0.00, 0.00, 0.00, 0.00, 1.00, 1.00, 1.00, 0.00, 0.00, 0.00, 0.00, 0.00, 0.00, 0.00, 0.00, 0.00, 0.00, 0.00
"AUTOG CELSIA SOLAR PALMIRA 3 ZONA FRANCA",0.00, 0.00, 0.00, 0.00, 0.00, 0.00, 0.00, 0.00, 0.00, 0.00, 0.00, 0.00, 0.00, 0.00, 0.00, 0.00, 0.00, 0.00, 0.00, 0.00, 0.00, 0.00, 0.00, 0.00
"AUTOG CELSIA SOLAR TQ JAMUNDI",0.00, 0.00, 0.00, 0.00, 0.00, 0.00, 0.00, 0.00, 0.00, 0.00, 0.00, 0.00, 0.00, 0.00, 0.00, 0.00, 0.00, 0.00, 0.00, 0.00, 0.00, 0.00, 0.00, 0.00
"AUTOG CELSIA SOLAR TQ TECNOSUR",0.00, 0.00, 0.00, 0.00, 0.00, 0.00, 0.00, 1.00, 2.00, 3.00, 4.00, 4.00, 4.00, 4.00, 4.00, 3.00, 2.00, 1.00, 0.00, 0.00, 0.00, 0.00, 0.00, 0.00
"AUTOG CELSIA SOLAR YUMBO",0.00, 0.00, 0.00, 0.00, 0.00, 0.00, 0.00, 0.00, 0.00, 0.00, 1.00, 2.00, 2.00, 0.00, 0.00, 0.00, 0.00, 0.00, 0.00, 0.00, 0.00, 0.00, 0.00, 0.00
"AUTOG CEMENTOS DEL NARE",8.20, 8.20, 8.20, 8.20, 8.20, 6.70, 6.70, 6.70, 6.70, 6.70, 6.70, 6.70, 6.70, 6.70, 6.70, 6.70, 6.90, 6.90, 6.90, 6.90, 6.90, 6.90, 8.20, 8.20
"AUTOG CI JEANS",0.00, 0.00, 0.00, 0.00, 0.00, 0.00, 0.01, 0.03, 0.16, 0.35, 0.52, 0.51, 0.46, 0.42, 0.46, 0.35, 0.21, 0.07, 0.01, 0.00, 0.00, 0.00, 0.00, 0.00
"AUTOG COCA-COLA FEMSA",0.40, 0.40, 0.40, 0.40, 0.40, 0.40, 0.40, 0.40, 0.40, 0.40, 0.40, 0.40, 0.40, 0.40, 0.40, 0.40, 0.40, 0.40, 0.40, 0.40, 0.40, 0.40, 0.40, 0.40
"AUTOG COMOLSA",0.00, 0.00, 0.00, 0.00, 0.00, 0.00, 0.00, 0.00, 0.00, 0.00, 1.00, 0.00, 0.00, 0.00, 0.00, 0.00, 0.00, 0.00, 0.00, 0.00, 0.00, 0.00, 0.00, 0.00
"AUTOG CORONA SOPO",0.00, 0.00, 0.00, 0.00, 0.00, 0.00, 0.00, 0.00, 0.00, 0.05, 0.22, 0.24, 0.21, 0.19, 0.06, 0.00, 0.00, 0.00, 0.00, 0.00, 0.00, 0.00, 0.00, 0.00
"AUTOG CORPACERO",0.00, 0.00, 0.00, 0.00, 0.00, 0.00, 0.00, 0.00, 0.00, 0.00, 0.00, 0.00, 0.00, 0.00, 0.00, 0.00, 0.00, 0.00, 0.00, 0.00, 0.00, 0.00, 0.00, 0.00
"AUTOG ECOPETROL ORITO",1.00, 1.00, 1.00, 1.00, 1.00, 1.00, 1.00, 1.00, 1.00, 1.00, 1.00, 1.00, 1.00, 1.00, 1.00, 1.00, 1.00, 1.00, 1.00, 1.00, 1.00, 1.00, 1.00, 1.00
"AUTOG EL COPEY",0.00, 0.00, 0.00, 0.00, 0.00, 0.00, 0.80, 2.50, 4.00, 5.10, 5.80, 6.10, 5.90, 5.40, 4.50, 3.20, 1.60, 0.30, 0.00, 0.00, 0.00, 0.00, 0.00, 0.00
"AUTOG GOLOSINAS TRULULU",3.30, 3.30, 3.30, 3.30, 3.30, 3.30, 3.30, 3.30, 3.30, 3.30, 3.30, 3.30, 3.30, 3.30, 3.30, 3.30, 3.30, 3.30, 3.30, 3.30, 3.30, 3.30, 3.30, 3.30
"AUTOG GRAN COLOMBIA GOLD",0.00, 0.00, 0.00, 0.00, 0.00, 0.00, 0.00, 0.00, 0.00, 0.00, 0.00, 0.00, 0.00, 0.00, 0.00, 0.00, 0.00, 0.00, 0.00, 0.00, 0.00, 0.00, 0.00, 0.00
"AUTOG HIDROSOLAR I",0.00, 0.00, 0.00, 0.00, 0.00, 0.00, 0.00, 0.05, 1.76, 2.35, 3.53, 4.58, 4.63, 4.48, 4.46, 3.97, 2.23, 0.20, 0.00, 0.00, 0.00, 0.00, 0.00, 0.00
"AUTOG INGENIO CARMELITA",3.00, 3.00, 3.00, 3.00, 3.00, 3.00, 3.00, 3.00, 3.00, 3.00, 3.00, 3.00, 3.00, 3.00, 3.00, 3.00, 3.00, 3.00, 3.00, 3.00, 3.00, 3.00, 3.00, 3.00
"AUTOG INGENIO MARIA LUISA",0.20, 0.20, 0.20, 0.20, 0.20, 0.20, 0.20, 0.20, 0.20, 0.20, 0.20, 0.20, 0.20, 0.20, 0.20, 0.20, 0.20, 0.20, 0.20, 0.20, 0.20, 0.20, 0.20, 0.20
"AUTOG LOS POCITOS",1.80, 1.80, 1.80, 1.80, 1.80, 1.80, 1.80, 1.80, 1.80, 1.80, 1.80, 1.80, 1.80, 1.80, 1.80, 1.80, 1.80, 1.80, 1.80, 1.80, 1.80, 1.80, 1.80, 1.80
"AUTOG MILPA SAN CARLOS",0.00, 0.00, 0.00, 0.00, 0.00, 0.00, 0.03, 0.31, 0.38, 0.53, 0.38, 0.50, 0.53, 0.52, 0.40, 0.46, 0.16, 0.02, 0.00, 0.00, 0.00, 0.00, 0.00, 0.00
"AUTOG MOLINOS SANTA MARTA",0.00, 0.00, 0.00, 0.00, 0.00, 0.00, 0.00, 0.00, 0.00, 0.00, 1.00, 0.00, 0.00, 0.00, 0.00, 0.00, 0.00, 0.00, 0.00, 0.00, 0.00, 0.00, 0.00, 0.00
"AUTOG PALMERAS DE LA COSTA",0.00, 0.00, 0.00, 0.00, 0.00, 0.00, 0.00, 0.00, 0.00, 0.00, 0.00, 0.00, 0.00, 0.00, 0.00, 0.00, 0.00, 0.00, 0.00, 0.00, 0.00, 0.00, 0.00, 0.00
"AUTOG PINTUCO",0.00, 0.00, 0.00, 0.00, 0.00, 0.00, 0.00, 0.01, 0.03, 0.05, 0.09, 0.10, 0.15, 0.16, 0.15, 0.10, 0.03, 0.01, 0.00, 0.00, 0.00, 0.00, 0.00, 0.00
"AUTOG PTAR BELLO",0.00, 0.00, 0.30, 0.60, 0.70, 0.70, 0.90, 0.40, 0.40, 0.38, 0.38, 0.38, 0.38, 0.38, 0.00, 0.00, 0.00, 0.00, 0.00, 0.00, 0.00, 0.00, 0.00, 0.00
"AUTOG QBCO",0.00, 0.00, 0.00, 0.00, 0.00, 0.00, 0.00, 0.00, 0.00, 0.00, 1.00, 0.00, 0.00, 0.00, 0.00, 0.00, 0.00, 0.00, 0.00, 0.00, 0.00, 0.00, 0.00, 0.00
"AUTOG REFICAR",2.00, 2.00, 2.00, 2.00, 2.00, 2.00, 2.00, 2.00, 2.00, 2.00, 2.00, 2.00, 2.00, 2.00, 2.00, 2.00, 2.00, 2.00, 2.00, 2.00, 2.00, 2.00, 2.00, 2.00
"AUTOG SOLAR AYACUCHO",0.00, 0.00, 0.00, 0.00, 0.00, 0.00, 0.00, 0.00, 0.00, 0.00, 0.00, 0.00, 0.00, 0.00, 0.00, 0.00, 0.00, 0.00, 0.00, 0.00, 0.00, 0.00, 0.00, 0.00
"AUTOG SOLAR PALMIRA",0.00, 0.00, 0.00, 0.00, 0.00, 0.00, 0.00, 0.00, 0.00, 0.00, 0.00, 0.00, 0.00, 0.00, 0.00, 0.00, 0.00, 0.00, 0.00, 0.00, 0.00, 0.00, 0.00, 0.00
"AUTOG SOLAR PALMIRA II BERRY",0.00, 0.00, 0.00, 0.00, 0.00, 0.00, 0.00, 0.00, 0.00, 0.00, 1.00, 3.00, 3.00, 2.00, 0.00, 0.00, 0.00, 0.00, 0.00, 0.00, 0.00, 0.00, 0.00, 0.00
"AUTOG SOLAR VASCONIA",0.00, 0.00, 0.00, 0.00, 0.00, 0.00, 0.00, 0.00, 0.00, 0.00, 0.00, 0.00, 0.00, 0.00, 0.00, 0.00, 0.00, 0.00, 0.00, 0.00, 0.00, 0.00, 0.00, 0.00
"AUTOG TERMOARAUCA",0.00, 0.00, 0.00, 0.00, 0.00, 0.00, 0.00, 0.00, 0.00, 0.00, 0.00, 0.00, 0.00, 0.00, 0.00, 0.00, 0.00, 0.00, 0.00, 0.00, 0.00, 0.00, 0.00, 0.00
"AUTOG TERMOCOROCITO",2.00, 2.00, 2.00, 2.00, 2.00, 2.00, 2.00, 2.00, 2.00, 2.00, 2.00, 2.00, 2.00, 2.00, 2.00, 2.00, 2.00, 2.00, 2.00, 2.00, 2.00, 2.00, 2.00, 2.00
"AUTOG TERMOMACAGUA",4.00, 4.00, 4.00, 4.00, 4.00, 4.00, 4.00, 4.00, 4.00, 4.00, 4.00, 4.00, 4.00, 4.00, 4.00, 4.00, 4.00, 4.00, 4.00, 4.00, 4.00, 4.00, 4.00, 4.00
"AUTOG TERMOTAME",2.00, 2.00, 2.00, 2.00, 2.00, 2.50, 2.50, 2.50, 2.50, 2.50, 2.50, 2.50, 2.50, 2.50, 2.50, 2.50, 2.50, 2.50, 2.50, 2.50, 2.50, 2.50, 2.50, 2.50
"AUTOG TURGAS",3.50, 3.50, 3.50, 3.50, 3.50, 3.50, 3.50, 3.50, 3.50, 3.50, 3.50, 3.50, 3.50, 3.50, 3.50, 3.50, 3.50, 3.50, 3.50, 3.50, 3.50, 3.50, 3.50, 3.50
"AUTOG UNIBOL",0.00, 0.00, 0.00, 0.00, 0.00, 0.00, 0.00, 0.00, 0.00, 0.00, 0.00, 0.00, 0.00, 0.00, 0.00, 0.00, 0.00, 0.00, 0.00, 0.00, 0.00, 0.00, 0.00, 0.00
"AUTOG UNIMINAS",0.00, 0.00, 0.00, 0.00, 0.00, 0.00, 0.00, 0.03, 0.07, 0.20, 0.36, 0.44, 0.45, 0.35, 0.21, 0.14, 0.03, 0.00, 0.00, 0.00, 0.00, 0.00, 0.00, 0.00
"AUTOG YAGUARITO",0.00, 0.00, 0.00, 0.00, 0.00, 0.00, 0.00, 0.00, 0.00, 0.00, 0.00, 0.00, 0.00, 0.00, 0.00, 0.00, 0.00, 0.00, 0.00, 0.00, 0.00, 0.00, 0.00, 0.00
"BAJO TULUA",10.00, 10.00, 10.00, 10.00, 10.00, 10.00, 10.00, 10.00, 10.00, 10.00, 10.00, 10.00, 10.00, 10.00, 10.00, 10.00, 10.00, 10.00, 10.00, 6.00, 6.00, 10.00, 10.00, 10.00
"BARAYA",0.00, 0.00, 0.00, 0.00, 0.00, 0.01, 0.30, 0.60, 0.60, 0.70, 0.70, 0.80, 0.70, 0.70, 0.70, 0.30, 0.01, 0.05, 0.00, 0.00, 0.00, 0.00, 0.00, 0.00
"BARRANQUILLA 3",0.00, 0.00, 0.00, 0.00, 0.00, 0.00, 0.00, 0.00, 0.00, 0.00, 0.00, 0.00, 0.00, 0.00, 0.00, 0.00, 0.00, 0.00, 0.00, 0.00, 0.00, 0.00, 0.00, 0.00
"BARRANQUILLA 4",0.00, 0.00, 0.00, 0.00, 0.00, 0.00, 0.00, 0.00, 0.00, 0.00, 0.00, 0.00, 0.00, 0.00, 0.00, 0.00, 0.00, 0.00, 0.00, 0.00, 0.00, 0.00, 0.00, 0.00
"BARROSO",17.48, 17.48, 17.48, 17.48, 17.48, 17.48, 17.48, 17.48, 17.48, 17.48, 17.48, 17.48, 17.48, 17.48, 17.48, 17.48, 17.48, 17.48, 17.48, 17.48, 17.48, 17.48, 17.48, 17.48
"BAYONA",0.00, 0.00, 0.00, 0.00, 0.00, 0.00, 0.00, 0.00, 0.00, 0.00, 0.00, 0.00, 0.00, 0.00, 0.00, 0.00, 0.00, 0.00, 0.00, 0.00, 0.00, 0.00, 0.00, 0.00
"BELLO",0.30, 0.30, 0.30, 0.30, 0.30, 0.30, 0.30, 0.30, 0.30, 0.30, 0.30, 0.30, 0.30, 0.30, 0.30, 0.30, 0.30, 0.30, 0.30, 0.30, 0.30, 0.30, 0.30, 0.30
"BELMONTE",2.80, 2.80, 2.80, 2.80, 2.80, 2.80, 2.80, 2.80, 2.80, 2.80, 2.80, 2.80, 2.80, 2.80, 2.80, 2.80, 2.80, 2.80, 2.80, 2.80, 2.80, 2.80, 2.80, 2.80
"BETANIA",326.00, 326.00, 326.00, 326.00, 326.00, 326.00, 326.00, 326.00, 326.00, 326.00, 326.00, 326.00, 326.00, 326.00, 326.00, 326.00, 326.00, 489.00, 489.00, 489.00, 489.00, 489.00, 489.00, 489.00
"BIOENERGY",0.00, 0.00, 0.00, 0.00, 0.00, 0.00, 0.00, 0.00, 0.00, 0.00, 0.00, 0.00, 0.00, 0.00, 0.00, 0.00, 0.00, 0.00, 0.00, 0.00, 0.00, 0.00, 0.00, 0.00
"BOSQUES SOLARES DE LOS LLANOS 4",0.00, 0.00, 0.00, 0.00, 0.00, 0.00, 3.11, 6.93, 10.12, 11.68, 11.19, 10.67, 12.55, 11.20, 10.17, 7.06, 4.52, 0.00, 0.00, 0.00, 0.00, 0.00, 0.00, 0.00
"BOSQUES SOLARES DE LOS LLANOS 5",0.00, 0.00, 0.00, 0.00, 0.00, 0.00, 2.48, 5.43, 8.85, 10.28, 10.02, 10.63, 11.93, 10.34, 9.20, 7.04, 4.85, 0.00, 0.00, 0.00, 0.00, 0.00, 0.00, 0.00
"BSB 500",0.00, 0.00, 0.00, 0.00, 0.00, 0.00, 3.93, 11.98, 16.27, 16.68, 16.35, 16.31, 15.25, 13.80, 13.57, 9.82, 6.91, 2.36, 0.00, 0.00, 0.00, 0.00, 0.00, 0.00
"BSB 501",0.00, 0.00, 0.00, 0.00, 0.00, 0.00, 3.93, 11.98, 16.27, 16.68, 16.35, 16.31, 15.25, 13.80, 13.57, 9.82, 6.91, 2.36, 0.00, 0.00, 0.00, 0.00, 0.00, 0.00
"BSB 502",0.00, 0.00, 0.00, 0.00, 0.00, 0.00, 3.93, 11.98, 16.27, 16.68, 16.35, 16.31, 15.25, 13.80, 13.57, 9.82, 6.91, 2.36, 0.00, 0.00, 0.00, 0.00, 0.00, 0.00
"BSB 503",0.00, 0.00, 0.00, 0.00, 0.00, 0.00, 3.93, 11.98, 16.27, 16.68, 16.35, 16.31, 15.25, 13.80, 13.57, 9.82, 6.91, 2.36, 0.00, 0.00, 0.00, 0.00, 0.00, 0.00
"BSB 504",0.00, 0.00, 0.00, 0.00, 0.00, 0.00, 3.93, 11.98, 16.27, 16.68, 16.35, 16.31, 15.25, 13.80, 13.57, 9.82, 6.91, 2.36, 0.00, 0.00, 0.00, 0.00, 0.00, 0.00
"CAIMAN CIENAGUERO",0.00, 0.00, 0.00, 0.00, 0.00, 0.01, 0.03, 0.24, 0.36, 0.51, 0.63, 0.54, 0.61, 0.20, 0.10, 0.00, 0.00, 0.00, 0.00, 0.00, 0.00, 0.00, 0.00, 0.00
"CALDERAS",5.28, 5.28, 5.28, 5.28, 5.28, 5.28, 8.08, 8.08, 5.28, 5.28, 5.28, 11.68, 11.68, 5.28, 5.28, 5.28, 5.28, 16.78, 16.78, 16.78, 5.28, 5.28, 5.28, 5.28
"CALIMA",0.00, 0.00, 0.00, 0.00, 0.00, 0.00, 0.00, 0.00, 0.00, 0.00, 0.00, 0.00, 0.00, 0.00, 0.00, 0.00, 0.00, 0.00, 0.00, 0.00, 0.00, 0.00, 0.00, 0.00
"CAMPESTRE (CALARCA)",0.00, 0.00, 0.00, 0.00, 0.00, 0.00, 0.00, 0.00, 0.00, 0.00, 0.00, 0.00, 0.00, 0.00, 0.00, 0.00, 0.00, 0.00, 0.00, 0.00, 0.00, 0.00, 0.00, 0.00
"CAMPESTRE (EPM)",0.00, 0.00, 0.00, 0.00, 0.00, 0.00, 0.00, 0.00, 0.00, 0.00, 0.00, 0.00, 0.00, 0.00, 0.00, 0.00, 0.00, 0.00, 0.00, 0.00, 0.00, 0.00, 0.00, 0.00
"CANAHUATE",0.00, 0.00, 0.00, 0.00, 0.00, 0.01, 0.30, 0.60, 0.60, 0.70, 0.70, 0.80, 0.70, 0.70, 0.70, 0.30, 0.01, 0.05, 0.00, 0.00, 0.00, 0.00, 0.00, 0.00
"CARACOLI",3.75, 3.75, 3.75, 3.75, 3.75, 3.75, 3.75, 3.75, 3.75, 3.75, 3.75, 3.75, 3.75, 3.75, 3.75, 3.75, 3.75, 3.75, 3.75, 3.75, 3.75, 3.75, 3.75, 3.75
"CARACOLI I",0.00, 0.00, 0.00, 0.00, 0.00, 0.00, 4.00, 13.00, 20.00, 25.00, 27.00, 28.00, 26.00, 24.00, 20.00, 16.00, 9.00, 3.00, 0.00, 0.00, 0.00, 0.00, 0.00, 0.00
"CARLOS LLERAS",78.00, 78.00, 78.00, 78.00, 78.00, 78.00, 78.00, 78.00, 78.00, 78.00, 78.00, 78.00, 78.00, 78.00, 78.00, 78.00, 78.00, 78.00, 78.00, 78.00, 78.00, 78.00, 78.00, 78.00
"CARTAGENA 1",0.00, 0.00, 0.00, 0.00, 0.00, 0.00, 0.00, 0.00, 0.00, 0.00, 0.00, 0.00, 0.00, 0.00, 0.00, 0.00, 0.00, 0.00, 0.00, 0.00, 0.00, 0.00, 0.00, 0.00
"CARTAGENA 2",0.00, 0.00, 0.00, 0.00, 0.00, 0.00, 0.00, 0.00, 0.00, 0.00, 0.00, 0.00, 0.00, 0.00, 0.00, 0.00, 0.00, 0.00, 0.00, 0.00, 0.00, 0.00, 0.00, 0.00
"CARTAGENA 3",0.00, 0.00, 0.00, 0.00, 0.00, 0.00, 0.00, 0.00, 0.00, 0.00, 0.00, 0.00, 0.00, 0.00, 0.00, 0.00, 0.00, 0.00, 0.00, 0.00, 0.00, 0.00, 0.00, 0.00
"CARUQUIA",7.51, 7.51, 7.51, 7.51, 7.51, 7.51, 7.51, 7.51, 7.51, 7.51, 7.51, 7.51, 7.51, 7.51, 7.51, 7.51, 7.51, 7.51, 7.51, 7.51, 7.51, 7.51, 7.51, 7.51
"CASCADA",1.50, 1.50, 1.50, 1.50, 1.50, 0.00, 0.00, 0.00, 0.00, 0.00, 0.00, 0.00, 1.50, 1.50, 1.50, 1.50, 1.50, 1.50, 1.50, 1.50, 1.50, 1.50, 1.50, 1.50
"CAUYA",0.20, 0.20, 0.20, 0.20, 0.20, 0.20, 0.20, 0.20, 0.20, 0.20, 0.20, 0.20, 0.20, 0.20, 0.20, 0.20, 0.20, 0.20, 0.20, 0.20, 0.20, 0.20, 0.20, 0.20
"CELSIA SOLAR ALUMINA",0.00, 0.00, 0.00, 0.00, 0.00, 0.00, 0.00, 0.00, 0.00, 0.00, 0.00, 0.00, 0.00, 0.00, 0.00, 0.00, 0.00, 0.00, 0.00, 0.00, 0.00, 0.00, 0.00, 0.00
"CELSIA SOLAR BOLIVAR",0.00, 0.00, 0.00, 0.00, 0.00, 0.00, 0.00, 0.00, 1.00, 1.00, 2.00, 1.00, 2.00, 1.00, 2.00, 0.00, 0.00, 0.00, 0.00, 0.00, 0.00, 0.00, 0.00, 0.00
"CELSIA SOLAR BUGALAGRANDE",0.00, 0.00, 0.00, 0.00, 0.00, 0.00, 0.00, 1.00, 3.00, 9.00, 7.00, 7.00, 4.00, 5.00, 3.00, 4.00, 3.00, 0.00, 0.00, 0.00, 0.00, 0.00, 0.00, 0.00
"CELSIA SOLAR CARMELO",0.00, 0.00, 0.00, 0.00, 0.00, 0.00, 0.00, 0.00, 0.00, 0.00, 0.00, 1.00, 1.00, 1.00, 0.00, 0.00, 0.00, 0.00, 0.00, 0.00, 0.00, 0.00, 0.00, 0.00
"CELSIA SOLAR DULIMA",0.00, 0.00, 0.00, 0.00, 0.00, 0.00, 0.00, 1.00, 4.00, 6.00, 13.00, 12.00, 11.00, 13.00, 10.00, 14.00, 6.00, 0.00, 0.00, 0.00, 0.00, 0.00, 0.00, 0.00
"CELSIA SOLAR ESCOBAL I",0.00, 0.00, 0.00, 0.00, 0.00, 0.00, 0.00, 0.00, 3.00, 6.00, 9.00, 9.00, 8.00, 9.00, 7.00, 5.00, 2.00, 0.00, 0.00, 0.00, 0.00, 0.00, 0.00, 0.00
"CELSIA SOLAR ESCOBAL II",0.00, 0.00, 0.00, 0.00, 0.00, 0.00, 0.00, 1.00, 4.00, 7.00, 13.00, 11.00, 10.00, 12.00, 9.00, 6.00, 3.00, 0.00, 0.00, 0.00, 0.00, 0.00, 0.00, 0.00
"CELSIA SOLAR ESCOBAL III",0.00, 0.00, 0.00, 0.00, 0.00, 0.00, 0.00, 11.00, 13.00, 14.00, 19.90, 19.90, 19.90, 19.90, 19.90, 14.00, 13.00, 11.00, 0.00, 0.00, 0.00, 0.00, 0.00, 0.00
"CELSIA SOLAR ESCOBAL IV",0.00, 0.00, 0.00, 0.00, 0.00, 0.00, 0.00, 1.00, 3.00, 7.00, 14.00, 13.00, 11.00, 13.00, 10.00, 7.00, 4.00, 0.00, 0.00, 0.00, 0.00, 0.00, 0.00, 0.00
"CELSIA SOLAR ESCOBAL V",0.00, 0.00, 0.00, 0.00, 0.00, 0.00, 0.00, 1.00, 3.00, 7.00, 15.00, 14.00, 12.00, 14.00, 11.00, 7.00, 4.00, 0.00, 0.00, 0.00, 0.00, 0.00, 0.00, 0.00
"CELSIA SOLAR LA PAILA",0.00, 0.00, 0.00, 0.00, 0.00, 0.00, 0.00, 0.00, 0.00, 0.00, 2.00, 3.00, 2.00, 0.00, 0.00, 0.00, 0.00, 0.00, 0.00, 0.00, 0.00, 0.00, 0.00, 0.00
"CELSIA SOLAR LA VICTORIA I",0.00, 0.00, 0.00, 0.00, 0.00, 0.00, 0.00, 6.00, 9.00, 17.00, 18.00, 17.00, 16.00, 17.00, 14.00, 14.00, 8.00, 0.00, 0.00, 0.00, 0.00, 0.00, 0.00, 0.00
"CELSIA SOLAR LA VICTORIA II",0.00, 0.00, 0.00, 0.00, 0.00, 0.00, 0.00, 7.00, 8.00, 17.00, 18.00, 17.00, 16.00, 18.00, 15.00, 14.00, 8.00, 0.00, 0.00, 0.00, 0.00, 0.00, 0.00, 0.00
"CELSIA SOLAR PUERTO TEJADA",0.00, 0.00, 0.00, 0.00, 0.00, 0.00, 0.00, 0.00, 10.00, 2.00, 4.00, 15.00, 11.00, 11.00, 6.00, 2.00, 8.00, 0.00, 0.00, 0.00, 0.00, 0.00, 0.00, 0.00
"CELSIA SOLAR YUMA",0.00, 0.00, 0.00, 0.00, 0.00, 0.00, 0.00, 0.00, 1.00, 2.00, 6.00, 5.00, 5.00, 6.00, 4.00, 5.00, 2.00, 0.00, 0.00, 0.00, 0.00, 0.00, 0.00, 0.00
"CENTRAL CASTILLA 1",0.00, 0.00, 0.00, 0.00, 0.00, 0.00, 0.00, 0.00, 0.00, 0.00, 0.00, 0.00, 0.00, 0.00, 0.00, 0.00, 0.00, 0.00, 0.00, 0.00, 0.00, 0.00, 0.00, 0.00
"CENTRO SOLAR",0.00, 0.00, 0.00, 0.00, 0.00, 0.00, 1.41, 4.96, 6.82, 8.12, 8.95, 8.97, 8.39, 7.81, 7.07, 7.48, 6.18, 2.20, 0.00, 0.00, 0.00, 0.00, 0.00, 0.00
"CERRITOS",0.00, 0.00, 0.00, 0.00, 0.00, 0.00, 0.00, 1.00, 3.00, 6.00, 5.00, 9.00, 9.00, 9.00, 9.00, 8.00, 6.00, 1.00, 0.00, 0.00, 0.00, 0.00, 0.00, 0.00
"CHARQUITO",19.00, 19.00, 19.00, 19.00, 19.00, 19.00, 19.00, 19.00, 19.00, 19.00, 19.00, 19.00, 19.00, 19.00, 19.00, 19.00, 19.00, 19.00, 19.00, 19.00, 19.00, 19.00, 19.00, 19.00
"CHIVOR",875.00, 875.00, 875.00, 875.00, 875.00, 875.00, 875.00, 875.00, 875.00, 875.00, 875.00, 875.00, 875.00, 875.00, 875.00, 875.00, 875.00, 875.00, 875.00, 875.00, 875.00, 875.00, 875.00, 875.00
"COCONUCO",2.80, 2.80, 2.80, 2.80, 2.80, 2.80, 2.60, 2.60, 2.60, 2.60, 2.70, 2.70, 2.70, 2.70, 2.40, 2.40, 2.40, 2.40, 2.70, 2.80, 2.70, 2.70, 2.70, 2.70
"COELLO",1.10, 1.10, 1.10, 1.10, 1.10, 1.10, 1.10, 1.10, 1.10, 1.10, 1.10, 1.10, 1.10, 1.10, 1.10, 1.10, 1.10, 1.10, 1.10, 1.10, 1.10, 1.10, 1.10, 1.10
"COGENERADOR MANUELITA 2",8.50, 8.50, 8.50, 8.50, 8.50, 8.50, 8.50, 8.50, 8.50, 8.50, 8.50, 8.50, 8.50, 8.50, 8.50, 8.50, 8.50, 8.50, 8.50, 8.50, 8.50, 8.50, 8.50, 8.50
"COGENERADOR PROENCA",0.00, 0.00, 0.00, 0.00, 0.00, 0.00, 0.00, 0.00, 0.00, 0.00, 0.00, 0.00, 0.00, 0.00, 0.00, 0.00, 0.00, 0.00, 0.00, 0.00, 0.00, 0.00, 0.00, 0.00
"COMUNIDAD EL SALVADOR I",0.00, 0.00, 0.00, 0.00, 0.00, 0.00, 0.00, 0.00, 0.00, 0.01, 0.01, 0.01, 0.01, 0.01, 0.00, 0.00, 0.00, 0.00, 0.00, 0.00, 0.00, 0.00, 0.00, 0.01
"COMUNIDAD EL SALVADOR II",0.00, 0.00, 0.00, 0.00, 0.00, 0.00, 0.00, 0.00, 0.00, 0.00, 0.00, 0.00, 0.00, 0.00, 0.00, 0.00, 0.00, 0.00, 0.00, 0.00, 0.00, 0.00, 0.00, 0.00
"CONDOR",0.00, 0.00, 0.00, 0.00, 0.00, 0.00, 2.85, 8.04, 9.08, 8.30, 9.31, 9.11, 9.31, 9.50, 8.37, 8.18, 5.70, 0.88, 0.00, 0.00, 0.00, 0.00, 0.00, 0.00
"CUCUANA",26.00, 26.00, 26.00, 26.00, 26.00, 26.00, 28.00, 28.00, 28.00, 28.00, 28.00, 32.00, 32.00, 32.00, 32.00, 32.00, 32.00, 32.00, 32.00, 32.00, 32.00, 32.00, 32.00, 32.00
"CURRUCUCUES",0.80, 0.80, 0.80, 0.80, 0.80, 0.80, 0.80, 0.80, 0.80, 0.80, 0.80, 0.80, 0.80, 0.80, 0.80, 0.80, 0.80, 0.80, 0.80, 0.80, 0.80, 0.80, 0.80, 0.80
"DARIO VALENCIA SAMPER",150.00, 150.00, 150.00, 150.00, 150.00, 150.00, 150.00, 150.00, 150.00, 150.00, 150.00, 150.00, 150.00, 150.00, 150.00, 150.00, 150.00, 150.00, 150.00, 150.00, 150.00, 150.00, 150.00, 150.00
"DELTA I",0.00, 0.00, 0.00, 0.00, 0.00, 0.01, 0.30, 0.60, 0.60, 0.70, 0.70, 0.80, 0.70, 0.70, 0.70, 0.30, 0.10, 0.05, 0.00, 0.00, 0.00, 0.00, 0.00, 0.00
"DOÑA JUANA",0.25, 0.25, 0.25, 0.25, 0.25, 0.25, 0.25, 0.25, 0.25, 0.25, 0.25, 0.25, 0.25, 0.25, 0.25, 0.25, 0.25, 0.25, 0.25, 0.25, 0.25, 0.25, 0.25, 0.25
"DRUMMOND",0.00, 0.00, 0.00, 0.00, 0.00, 0.00, 0.00, 0.00, 0.00, 0.00, 0.00, 0.00, 0.00, 0.00, 0.00, 0.00, 0.00, 0.00, 0.00, 0.00, 0.00, 0.00, 0.00, 0.00
"ECOPARQUE SOLAR LA CIRA",0.00, 0.00, 0.00, 0.00, 0.00, 0.00, 0.00, 0.00, 0.00, 0.00, 0.00, 0.00, 0.00, 0.00, 0.00, 0.00, 0.00, 0.00, 0.00, 0.00, 0.00, 0.00, 0.00, 0.00
"EL BOSQUE",1.60, 1.60, 1.60, 1.60, 1.60, 1.60, 1.60, 1.60, 1.60, 1.60, 1.60, 1.60, 1.60, 1.60, 1.60, 1.60, 1.60, 1.60, 1.60, 1.60, 1.60, 1.60, 1.60, 1.60
"EL COCUYO",0.45, 0.45, 0.45, 0.45, 0.45, 0.45, 0.45, 0.45, 0.45, 0.45, 0.45, 0.45, 0.45, 0.45, 0.45, 0.45, 0.45, 0.45, 0.45, 0.45, 0.45, 0.45, 0.45, 0.45
"EL EDEN",6.00, 6.00, 6.00, 6.00, 6.00, 6.00, 6.00, 6.00, 6.00, 6.00, 6.00, 6.00, 6.00, 6.00, 6.00, 6.00, 6.00, 6.00, 6.00, 6.00, 6.00, 6.00, 6.00, 6.00
"EL LIMONAR",0.00, 0.00, 0.00, 0.00, 0.00, 0.00, 0.00, 0.00, 0.00, 0.00, 0.00, 0.00, 0.00, 0.00, 0.00, 0.00, 0.00, 0.00, 0.00, 0.00, 0.00, 0.00, 0.00, 0.00
"EL MOLINO",11.52, 11.52, 11.52, 11.52, 11.52, 11.52, 11.52, 11.52, 11.52, 11.52, 11.52, 11.52, 11.52, 11.52, 11.52, 11.52, 11.52, 11.52, 11.52, 11.52, 11.52, 11.52, 11.52, 11.52
"EL PASO",0.00, 0.00, 0.00, 0.00, 0.00, 0.00, 9.00, 22.00, 33.00, 44.00, 50.00, 56.00, 57.00, 53.00, 44.00, 17.00, 8.00, 7.00, 0.00, 0.00, 0.00, 0.00, 0.00, 0.00
"EL POPAL",12.92, 12.92, 12.92, 12.92, 12.92, 12.92, 12.92, 12.92, 12.92, 12.92, 12.92, 12.92, 12.92, 12.92, 12.92, 12.92, 12.92, 12.92, 12.92, 12.92, 12.92, 12.92, 12.92, 12.92
"EL QUIMBO",334.00, 334.00, 334.00, 334.00, 334.00, 334.00, 334.00, 334.00, 334.00, 334.00, 334.00, 334.00, 334.00, 334.00, 334.00, 334.00, 334.00, 334.00, 334.00, 334.00, 334.00, 334.00, 334.00, 334.00
"EL TAMARINDO I",0.00, 0.00, 0.00, 0.00, 0.00, 0.00, 0.00, 1.00, 3.00, 5.00, 7.00, 7.00, 7.00, 6.00, 5.00, 3.00, 2.00, 1.00, 0.00, 0.00, 0.00, 0.00, 0.00, 0.00
"EL TAMARINDO II",0.00, 0.00, 0.00, 0.00, 0.00, 0.00, 0.00, 1.00, 3.00, 5.00, 7.00, 7.00, 7.00, 6.00, 5.00, 3.00, 2.00, 1.00, 0.00, 0.00, 0.00, 0.00, 0.00, 0.00
"ESCUELA DE MINAS",55.00, 55.00, 55.00, 55.00, 55.00, 55.00, 55.00, 55.00, 55.00, 55.00, 55.00, 55.00, 55.00, 55.00, 55.00, 55.00, 55.00, 55.00, 55.00, 55.00, 55.00, 55.00, 55.00, 55.00
"ESMERALDA",23.00, 23.00, 23.00, 23.00, 23.00, 23.00, 23.00, 23.00, 23.00, 23.00, 23.00, 23.00, 23.00, 23.00, 23.00, 23.00, 23.00, 23.00, 23.00, 23.00, 23.00, 23.00, 23.00, 23.00
"FLORES 4 CC",0.00, 0.00, 0.00, 0.00, 0.00, 0.00, 0.00, 0.00, 0.00, 0.00, 0.00, 0.00, 0.00, 0.00, 0.00, 0.00, 0.00, 0.00, 0.00, 0.00, 0.00, 0.00, 0.00, 0.00
"FLORES I CC",0.00, 0.00, 0.00, 0.00, 0.00, 0.00, 0.00, 0.00, 0.00, 0.00, 0.00, 0.00, 0.00, 0.00, 0.00, 0.00, 0.00, 0.00, 0.00, 0.00, 0.00, 0.00, 0.00, 0.00
"FLORIDA",10.92, 10.70, 10.52, 10.12, 10.18, 9.96, 9.82, 9.64, 9.88, 10.04, 10.18, 10.10, 9.36, 9.32, 9.44, 11.48, 13.90, 12.46, 13.08, 15.52, 15.28, 11.00, 11.14, 9.12
"FUNDACION",0.00, 0.00, 0.00, 0.00, 0.00, 0.00, 11.00, 26.00, 36.00, 49.00, 55.00, 59.00, 56.00, 55.00, 49.00, 32.00, 22.00, 7.00, 0.00, 0.00, 0.00, 0.00, 0.00, 0.00
"GANDALF",0.00, 0.00, 0.00, 0.00, 0.00, 0.01, 0.30, 0.60, 0.60, 0.70, 0.70, 0.80, 0.70, 0.70, 0.70, 0.30, 0.01, 0.05, 0.00, 0.00, 0.00, 0.00, 0.00, 0.00
"GD AGUSTIN I",0.00, 0.00, 0.00, 0.00, 0.00, 0.01, 0.30, 0.60, 0.60, 0.70, 0.70, 0.80, 0.70, 0.70, 0.70, 0.30, 0.10, 0.05, 0.00, 0.00, 0.00, 0.00, 0.00, 0.00
"GD AGUSTIN II",0.00, 0.00, 0.00, 0.00, 0.00, 0.01, 0.30, 0.60, 0.60, 0.70, 0.70, 0.80, 0.70, 0.70, 0.70, 0.30, 0.10, 0.05, 0.00, 0.00, 0.00, 0.00, 0.00, 0.00
"GD AGUSTIN III",0.00, 0.00, 0.00, 0.00, 0.00, 0.01, 0.30, 0.60, 0.60, 0.70, 0.70, 0.80, 0.70, 0.70, 0.70, 0.30, 0.10, 0.05, 0.00, 0.00, 0.00, 0.00, 0.00, 0.00
"GD ALAMO SOLAR",0.00, 0.00, 0.00, 0.00, 0.00, 0.00, 0.04, 0.20, 0.40, 0.58, 0.65, 0.67, 0.67, 0.67, 0.60, 0.46, 0.25, 0.04, 0.00, 0.00, 0.00, 0.00, 0.00, 0.00
"GD ALEJANDRIA I",0.00, 0.00, 0.00, 0.00, 0.00, 0.00, 0.01, 0.08, 0.23, 0.60, 0.88, 0.63, 0.85, 0.93, 0.77, 0.58, 0.36, 0.10, 0.00, 0.00, 0.00, 0.00, 0.00, 0.00
"GD ALEJANDRIA II",0.00, 0.00, 0.00, 0.00, 0.00, 0.00, 0.01, 0.08, 0.23, 0.60, 0.88, 0.63, 0.85, 0.93, 0.77, 0.58, 0.36, 0.10, 0.00, 0.00, 0.00, 0.00, 0.00, 0.00
"GD ALEJANDRIA III",0.00, 0.00, 0.00, 0.00, 0.00, 0.00, 0.01, 0.08, 0.23, 0.60, 0.88, 0.63, 0.85, 0.93, 0.77, 0.58, 0.36, 0.10, 0.00, 0.00, 0.00, 0.00, 0.00, 0.00
"GD ALFEREZ",0.00, 0.00, 0.00, 0.00, 0.00, 0.00, 0.04, 0.16, 0.55, 0.48, 0.60, 0.55, 0.43, 0.39, 0.30, 0.19, 0.10, 0.02, 0.00, 0.00, 0.00, 0.00, 0.00, 0.00
"GD ASTROLUMEN LA GARITA",0.00, 0.00, 0.00, 0.00, 0.00, 0.01, 0.30, 0.60, 0.60, 0.70, 0.70, 0.80, 0.70, 0.70, 0.70, 0.30, 0.10, 0.05, 0.00, 0.00, 0.00, 0.00, 0.00, 0.00
"GD BASILICA",0.00, 0.00, 0.00, 0.00, 0.00, 0.00, 0.01, 0.12, 0.25, 0.18, 0.48, 0.57, 0.45, 0.24, 0.33, 0.37, 0.08, 0.01, 0.00, 0.00, 0.00, 0.00, 0.00, 0.00
"GD BIOSOLAR",0.00, 0.00, 0.00, 0.00, 0.00, 0.05, 0.09, 0.10, 0.15, 0.20, 0.30, 0.40, 0.30, 0.20, 0.15, 0.10, 0.09, 0.05, 0.00, 0.00, 0.00, 0.00, 0.00, 0.00
"GD BLANCA ENERGY I",0.00, 0.00, 0.00, 0.00, 0.00, 0.00, 0.00, 0.00, 0.00, 0.00, 0.00, 0.00, 0.00, 0.00, 0.00, 0.00, 0.00, 0.00, 0.00, 0.00, 0.00, 0.00, 0.00, 0.00
"GD BLANCA ENERGY II",0.00, 0.00, 0.00, 0.00, 0.00, 0.00, 0.00, 0.00, 0.00, 0.00, 0.00, 0.00, 0.00, 0.00, 0.00, 0.00, 0.00, 0.00, 0.00, 0.00, 0.00, 0.00, 0.00, 0.00
"GD BLANCA ENERGY III",0.00, 0.00, 0.00, 0.00, 0.00, 0.00, 0.00, 0.26, 0.53, 0.75, 0.87, 0.90, 0.90, 0.89, 0.83, 0.64, 0.35, 0.03, 0.00, 0.00, 0.00, 0.00, 0.00, 0.00
"GD BLANCA ENERGY SOLAR 23",0.00, 0.00, 0.00, 0.00, 0.00, 0.00, 0.02, 0.01, 0.02, 0.05, 0.09, 0.10, 0.10, 0.09, 0.08, 0.05, 0.02, 0.01, 0.00, 0.00, 0.00, 0.00, 0.00, 0.00
"GD BLANCA ENERGY SOLAR 24",0.00, 0.00, 0.00, 0.00, 0.00, 0.00, 0.00, 0.00, 0.00, 0.00, 0.00, 0.00, 0.00, 0.00, 0.00, 0.00, 0.00, 0.00, 0.00, 0.00, 0.00, 0.00, 0.00, 0.00
"GD BOCAS DEL PALO",0.00, 0.00, 0.00, 0.00, 0.00, 0.00, 0.00, 0.10, 0.10, 0.10, 0.10, 0.10, 0.10, 0.10, 0.10, 0.10, 0.00, 0.00, 0.00, 0.00, 0.00, 0.00, 0.00, 0.00
"GD BONILLA A I",0.00, 0.00, 0.00, 0.00, 0.00, 0.00, 0.05, 0.26, 0.45, 0.59, 0.67, 0.72, 0.73, 0.72, 0.69, 0.62, 0.41, 0.11, 0.00, 0.00, 0.00, 0.00, 0.00, 0.00
"GD BONILLA A II",0.00, 0.00, 0.00, 0.00, 0.00, 0.00, 0.05, 0.26, 0.45, 0.59, 0.67, 0.72, 0.73, 0.72, 0.69, 0.62, 0.41, 0.11, 0.00, 0.00, 0.00, 0.00, 0.00, 0.00
"GD BONILLA A III",0.00, 0.00, 0.00, 0.00, 0.00, 0.00, 0.05, 0.26, 0.45, 0.59, 0.67, 0.72, 0.73, 0.72, 0.69, 0.62, 0.41, 0.11, 0.00, 0.00, 0.00, 0.00, 0.00, 0.00
"GD BONILLA A IV",0.00, 0.00, 0.00, 0.00, 0.00, 0.00, 0.05, 0.26, 0.45, 0.59, 0.67, 0.72, 0.73, 0.72, 0.69, 0.62, 0.41, 0.11, 0.00, 0.00, 0.00, 0.00, 0.00, 0.00
"GD BONILLA A V",0.00, 0.00, 0.00, 0.00, 0.00, 0.00, 0.05, 0.26, 0.45, 0.59, 0.67, 0.72, 0.73, 0.72, 0.69, 0.62, 0.41, 0.11, 0.00, 0.00, 0.00, 0.00, 0.00, 0.00
"GD CADILLO II",0.00, 0.00, 0.00, 0.00, 0.00, 0.00, 0.05, 0.26, 0.45, 0.59, 0.67, 0.72, 0.73, 0.72, 0.69, 0.62, 0.41, 0.11, 0.00, 0.00, 0.00, 0.00, 0.00, 0.00
"GD CARACOL I",0.00, 0.00, 0.00, 0.00, 0.00, 0.00, 0.05, 0.26, 0.45, 0.59, 0.67, 0.72, 0.73, 0.72, 0.69, 0.62, 0.41, 0.11, 0.00, 0.00, 0.00, 0.00, 0.00, 0.00
"GD CARACOL II",0.00, 0.00, 0.00, 0.00, 0.00, 0.00, 0.05, 0.26, 0.45, 0.59, 0.67, 0.72, 0.73, 0.72, 0.69, 0.62, 0.41, 0.11, 0.00, 0.00, 0.00, 0.00, 0.00, 0.00
"GD CARACOL III",0.00, 0.00, 0.00, 0.00, 0.00, 0.00, 0.05, 0.26, 0.45, 0.59, 0.67, 0.72, 0.73, 0.72, 0.69, 0.62, 0.41, 0.11, 0.00, 0.00, 0.00, 0.00, 0.00, 0.00
"GD CHICORAL",0.00, 0.00, 0.00, 0.00, 0.00, 0.00, 0.01, 0.10, 0.23, 0.42, 0.50, 0.56, 0.57, 0.49, 0.22, 0.21, 0.09, 0.02, 0.00, 0.00, 0.00, 0.00, 0.00, 0.00
"GD CHIMBI",0.00, 0.00, 0.00, 0.00, 0.00, 0.00, 0.01, 0.08, 0.16, 0.29, 0.44, 0.40, 0.59, 0.56, 0.45, 0.52, 0.18, 0.03, 0.00, 0.00, 0.00, 0.00, 0.00, 0.00
"GD CHIRIGUANA NORTE I",0.00, 0.00, 0.00, 0.00, 0.00, 0.01, 0.30, 0.60, 0.60, 0.70, 0.70, 0.80, 0.70, 0.70, 0.70, 0.30, 0.10, 0.05, 0.00, 0.00, 0.00, 0.00, 0.00, 0.00
"GD CHIRIGUANA NORTE II",0.00, 0.00, 0.00, 0.00, 0.00, 0.01, 0.30, 0.60, 0.60, 0.70, 0.70, 0.80, 0.70, 0.70, 0.70, 0.30, 0.10, 0.05, 0.00, 0.00, 0.00, 0.00, 0.00, 0.00
"GD CHIRIGUANA NORTE IV",0.00, 0.00, 0.00, 0.00, 0.00, 0.01, 0.30, 0.60, 0.60, 0.70, 0.70, 0.80, 0.70, 0.70, 0.70, 0.30, 0.10, 0.05, 0.00, 0.00, 0.00, 0.00, 0.00, 0.00
"GD CORALITO",0.00, 0.00, 0.00, 0.00, 0.00, 0.00, 0.01, 0.18, 0.31, 0.47, 0.70, 0.87, 0.88, 0.86, 0.50, 0.10, 0.08, 0.01, 0.00, 0.00, 0.00, 0.00, 0.00, 0.00
"GD CSF ARENALES I",0.00, 0.00, 0.00, 0.00, 0.00, 0.00, 0.01, 0.11, 0.28, 0.56, 0.64, 0.73, 0.81, 0.75, 0.64, 0.48, 0.20, 0.04, 0.00, 0.00, 0.00, 0.00, 0.00, 0.00
"GD DELTA II",0.00, 0.00, 0.00, 0.00, 0.00, 0.01, 0.30, 0.60, 0.60, 0.70, 0.70, 0.80, 0.70, 0.70, 0.70, 0.30, 0.10, 0.05, 0.00, 0.00, 0.00, 0.00, 0.00, 0.00
"GD DIOCESIS DE RIOHACHA",0.00, 0.00, 0.00, 0.00, 0.00, 0.00, 0.01, 0.02, 0.04, 0.05, 0.07, 0.08, 0.08, 0.07, 0.05, 0.04, 0.02, 0.01, 0.00, 0.00, 0.00, 0.00, 0.00, 0.00
"GD EDEQ SOLAR LA TEBAIDA",0.00, 0.00, 0.00, 0.00, 0.00, 0.01, 0.03, 0.05, 0.07, 0.08, 0.09, 0.09, 0.09, 0.07, 0.05, 0.03, 0.01, 0.01, 0.00, 0.00, 0.00, 0.00, 0.00, 0.00
"GD EDEQ SOLAR MONTENEGRO",0.00, 0.00, 0.00, 0.00, 0.00, 0.01, 0.02, 0.04, 0.05, 0.06, 0.07, 0.07, 0.07, 0.06, 0.04, 0.02, 0.01, 0.01, 0.00, 0.00, 0.00, 0.00, 0.00, 0.00
"GD EL BANCO",0.00, 0.00, 0.00, 0.00, 0.00, 0.00, 0.02, 0.22, 0.26, 0.35, 0.61, 0.63, 0.76, 0.51, 0.69, 0.35, 0.27, 0.04, 0.00, 0.00, 0.00, 0.00, 0.00, 0.00
"GD EL PASO NORTE",0.00, 0.00, 0.00, 0.00, 0.00, 0.01, 0.30, 0.60, 0.60, 0.70, 0.70, 0.80, 0.70, 0.70, 0.70, 0.30, 0.10, 0.05, 0.00, 0.00, 0.00, 0.00, 0.00, 0.00
"GD EL ROBLE",0.00, 0.00, 0.00, 0.00, 0.00, 0.00, 0.08, 0.39, 0.54, 0.78, 0.57, 0.76, 0.83, 0.69, 0.52, 0.32, 0.08, 0.01, 0.00, 0.00, 0.00, 0.00, 0.00, 0.00
"GD ELECTRA",0.00, 0.00, 0.00, 0.00, 0.00, 0.01, 0.30, 0.60, 0.60, 0.70, 0.70, 0.80, 0.70, 0.70, 0.70, 0.30, 0.10, 0.05, 0.00, 0.00, 0.00, 0.00, 0.00, 0.00
"GD EMPERATRIZ I",0.00, 0.00, 0.00, 0.00, 0.00, 0.00, 0.01, 0.18, 0.31, 0.47, 0.70, 0.87, 0.88, 0.86, 0.50, 0.10, 0.08, 0.01, 0.00, 0.00, 0.00, 0.00, 0.00, 0.00
"GD EMPERATRIZ II",0.00, 0.00, 0.00, 0.00, 0.00, 0.00, 0.01, 0.18, 0.31, 0.47, 0.70, 0.87, 0.88, 0.86, 0.50, 0.10, 0.08, 0.01, 0.00, 0.00, 0.00, 0.00, 0.00, 0.00
"GD ENCANTO",0.00, 0.00, 0.00, 0.00, 0.00, 0.00, 0.00, 0.30, 0.60, 0.70, 0.90, 0.90, 0.70, 0.60, 0.50, 0.40, 0.20, 0.00, 0.00, 0.00, 0.00, 0.00, 0.00, 0.00
"GD ERCO GUAMO I",0.00, 0.00, 0.00, 0.00, 0.00, 0.00, 0.06, 0.23, 0.45, 0.67, 0.79, 0.85, 0.85, 0.77, 0.63, 0.43, 0.18, 0.02, 0.00, 0.00, 0.00, 0.00, 0.00, 0.00
"GD ERCO GUAMO II",0.00, 0.00, 0.00, 0.00, 0.00, 0.00, 0.06, 0.23, 0.45, 0.67, 0.79, 0.85, 0.85, 0.77, 0.63, 0.43, 0.18, 0.02, 0.00, 0.00, 0.00, 0.00, 0.00, 0.00
"GD ERCO GUAMO III",0.00, 0.00, 0.00, 0.00, 0.00, 0.00, 0.06, 0.23, 0.45, 0.67, 0.79, 0.85, 0.85, 0.77, 0.63, 0.43, 0.18, 0.02, 0.00, 0.00, 0.00, 0.00, 0.00, 0.00
"GD ERCO GUAMO IV",0.00, 0.00, 0.00, 0.00, 0.00, 0.00, 0.06, 0.23, 0.45, 0.67, 0.79, 0.85, 0.85, 0.77, 0.63, 0.43, 0.18, 0.02, 0.00, 0.00, 0.00, 0.00, 0.00, 0.00
"GD ERCO ISIDORI",0.00, 0.00, 0.00, 0.00, 0.00, 0.00, 0.06, 0.27, 0.46, 0.61, 0.70, 0.73, 0.72, 0.67, 0.57, 0.43, 0.23, 0.04, 0.00, 0.00, 0.00, 0.00, 0.00, 0.00
"GD ERCO LAS PIEDRAS I",0.00, 0.00, 0.00, 0.00, 0.00, 0.00, 0.06, 0.24, 0.46, 0.68, 0.78, 0.86, 0.87, 0.76, 0.64, 0.44, 0.17, 0.02, 0.00, 0.00, 0.00, 0.00, 0.00, 0.00
"GD ERCO LAS PIEDRAS II",0.00, 0.00, 0.00, 0.00, 0.00, 0.00, 0.06, 0.24, 0.46, 0.68, 0.78, 0.86, 0.87, 0.76, 0.64, 0.44, 0.17, 0.02, 0.00, 0.00, 0.00, 0.00, 0.00, 0.00
"GD ERCO MARIANGOLA",0.00, 0.00, 0.00, 0.00, 0.00, 0.00, 0.06, 0.23, 0.45, 0.67, 0.79, 0.85, 0.85, 0.77, 0.63, 0.43, 0.18, 0.02, 0.00, 0.00, 0.00, 0.00, 0.00, 0.00
"GD ERCO PALMAS",0.00, 0.00, 0.00, 0.00, 0.00, 0.00, 0.00, 0.00, 0.00, 0.00, 0.00, 0.00, 0.00, 0.00, 0.00, 0.00, 0.00, 0.00, 0.00, 0.00, 0.00, 0.00, 0.00, 0.00
"GD ERCO SALDANA I",0.00, 0.00, 0.00, 0.00, 0.00, 0.00, 0.06, 0.22, 0.45, 0.67, 0.79, 0.85, 0.85, 0.77, 0.63, 0.43, 0.18, 0.02, 0.00, 0.00, 0.00, 0.00, 0.00, 0.00
"GD ERCO SALDANA II",0.00, 0.00, 0.00, 0.00, 0.00, 0.00, 0.06, 0.22, 0.45, 0.67, 0.79, 0.85, 0.85, 0.77, 0.63, 0.43, 0.18, 0.02, 0.00, 0.00, 0.00, 0.00, 0.00, 0.00
"GD ERCO TOLDADO",0.00, 0.00, 0.00, 0.00, 0.00, 0.00, 0.02, 0.06, 0.30, 0.66, 0.97, 0.96, 0.86, 0.79, 0.61, 0.47, 0.28, 0.09, 0.00, 0.00, 0.00, 0.00, 0.00, 0.00
"GD ESPERANZA I",0.00, 0.00, 0.00, 0.00, 0.00, 0.00, 0.16, 0.27, 0.39, 0.52, 0.61, 0.65, 0.61, 0.52, 0.39, 0.27, 0.16, 0.00, 0.00, 0.00, 0.00, 0.00, 0.00, 0.00
"GD ESPERANZA II",0.00, 0.00, 0.00, 0.00, 0.00, 0.00, 0.17, 0.32, 0.46, 0.56, 0.63, 0.65, 0.63, 0.56, 0.46, 0.32, 0.17, 0.00, 0.00, 0.00, 0.00, 0.00, 0.00, 0.00
"GD FINCA ISABEL LOPEZ",0.00, 0.00, 0.00, 0.00, 0.00, 0.00, 0.01, 0.04, 0.07, 0.12, 0.08, 0.07, 0.06, 0.05, 0.02, 0.00, 0.00, 0.00, 0.00, 0.00, 0.00, 0.00, 0.00, 0.00
"GD FINCA JM",0.00, 0.00, 0.00, 0.00, 0.00, 0.00, 0.01, 0.04, 0.07, 0.12, 0.08, 0.07, 0.06, 0.05, 0.02, 0.00, 0.00, 0.00, 0.00, 0.00, 0.00, 0.00, 0.00, 0.00
"GD GALILEO SOLAR",0.00, 0.00, 0.00, 0.00, 0.00, 0.00, 0.04, 0.02, 0.04, 0.06, 0.07, 0.06, 0.06, 0.06, 0.05, 0.05, 0.02, 0.01, 0.00, 0.00, 0.00, 0.00, 0.00, 0.00
"GD GOLONDRINA",0.00, 0.00, 0.00, 0.00, 0.00, 0.00, 0.01, 0.18, 0.31, 0.47, 0.70, 0.87, 0.88, 0.86, 0.50, 0.10, 0.08, 0.01, 0.00, 0.00, 0.00, 0.00, 0.00, 0.00
"GD GRANJA LA RUBIELA",0.00, 0.00, 0.00, 0.00, 0.00, 0.00, 0.07, 0.22, 0.42, 0.45, 0.56, 0.52, 0.43, 0.46, 0.36, 0.31, 0.19, 0.07, 0.00, 0.00, 0.00, 0.00, 0.00, 0.00
"GD GRANJA SAN PELAYO",0.00, 0.00, 0.00, 0.00, 0.00, 0.00, 0.05, 0.19, 0.39, 0.55, 0.69, 0.81, 0.82, 0.74, 0.62, 0.47, 0.28, 0.08, 0.00, 0.00, 0.00, 0.00, 0.00, 0.00
"GD JARDINCITO",0.00, 0.00, 0.00, 0.00, 0.00, 0.00, 0.04, 0.02, 0.04, 0.06, 0.07, 0.06, 0.06, 0.06, 0.05, 0.05, 0.02, 0.01, 0.00, 0.00, 0.00, 0.00, 0.00, 0.00
"GD LA CACICA",0.00, 0.00, 0.00, 0.00, 0.00, 0.01, 0.30, 0.60, 0.60, 0.70, 0.70, 0.80, 0.70, 0.70, 0.70, 0.30, 0.10, 0.05, 0.00, 0.00, 0.00, 0.00, 0.00, 0.00
"GD LA CATEDRAL",0.00, 0.00, 0.00, 0.00, 0.00, 0.01, 0.30, 0.60, 0.60, 0.70, 0.70, 0.80, 0.70, 0.70, 0.70, 0.30, 0.10, 0.05, 0.00, 0.00, 0.00, 0.00, 0.00, 0.00
"GD LA HONDA",0.00, 0.00, 0.00, 0.00, 0.00, 0.00, 0.03, 0.25, 0.35, 0.65, 0.81, 0.85, 0.78, 0.83, 0.65, 0.48, 0.24, 0.03, 0.00, 0.00, 0.00, 0.00, 0.00, 0.00
"GD LA MACANA",0.00, 0.00, 0.00, 0.00, 0.00, 0.00, 0.00, 0.05, 0.16, 0.26, 0.37, 0.50, 0.60, 0.64, 0.58, 0.44, 0.28, 0.12, 0.02, 0.00, 0.00, 0.00, 0.00, 0.00
"GD LA URIBE",0.00, 0.00, 0.00, 0.00, 0.00, 0.00, 0.01, 0.11, 0.23, 0.32, 0.60, 0.57, 0.52, 0.60, 0.44, 0.42, 0.17, 0.03, 0.00, 0.00, 0.00, 0.00, 0.00, 0.00
"GD LAS MERCEDES I",0.00, 0.00, 0.00, 0.00, 0.00, 0.00, 0.03, 0.14, 0.34, 0.50, 0.63, 0.59, 0.54, 0.42, 0.36, 0.20, 0.11, 0.05, 0.00, 0.00, 0.00, 0.00, 0.00, 0.00
"GD LAS MERCEDES II",0.00, 0.00, 0.00, 0.00, 0.00, 0.00, 0.04, 0.16, 0.30, 0.44, 0.58, 0.56, 0.52, 0.41, 0.37, 0.20, 0.10, 0.05, 0.00, 0.00, 0.00, 0.00, 0.00, 0.00
"GD LAS PILONERAS",0.00, 0.00, 0.00, 0.00, 0.00, 0.01, 0.30, 0.60, 0.60, 0.70, 0.70, 0.80, 0.70, 0.70, 0.70, 0.30, 0.10, 0.05, 0.00, 0.00, 0.00, 0.00, 0.00, 0.00
"GD LOS CHORROS",0.00, 0.00, 0.00, 0.00, 0.00, 0.00, 0.01, 0.07, 0.14, 0.20, 0.35, 0.38, 0.34, 0.36, 0.29, 0.23, 0.10, 0.01, 0.00, 0.00, 0.00, 0.00, 0.00, 0.00
"GD LYRA",0.00, 0.00, 0.00, 0.00, 0.00, 0.01, 0.30, 0.60, 0.60, 0.70, 0.70, 0.80, 0.70, 0.70, 0.70, 0.30, 0.10, 0.05, 0.00, 0.00, 0.00, 0.00, 0.00, 0.00
"GD MEISSA II",0.00, 0.00, 0.00, 0.00, 0.00, 0.00, 0.04, 0.02, 0.04, 0.06, 0.07, 0.06, 0.06, 0.06, 0.05, 0.05, 0.02, 0.01, 0.00, 0.00, 0.00, 0.00, 0.00, 0.00
"GD MGS 0013 LA MESA",0.00, 0.00, 0.00, 0.00, 0.00, 0.01, 0.30, 0.60, 0.60, 0.70, 0.80, 0.90, 0.80, 0.70, 0.70, 0.30, 0.10, 0.05, 0.00, 0.00, 0.00, 0.00, 0.00, 0.00
"GD NAOS I",0.00, 0.00, 0.00, 0.00, 0.00, 0.01, 0.30, 0.60, 0.60, 0.70, 0.70, 0.80, 0.70, 0.70, 0.70, 0.30, 0.01, 0.05, 0.00, 0.00, 0.00, 0.00, 0.00, 0.00
"GD NAOS II",0.00, 0.00, 0.00, 0.00, 0.00, 0.01, 0.30, 0.60, 0.60, 0.70, 0.70, 0.80, 0.70, 0.70, 0.70, 0.30, 0.10, 0.05, 0.00, 0.00, 0.00, 0.00, 0.00, 0.00
"GD NAOS III",0.00, 0.00, 0.00, 0.00, 0.00, 0.01, 0.30, 0.60, 0.60, 0.70, 0.70, 0.80, 0.70, 0.70, 0.70, 0.30, 0.10, 0.05, 0.00, 0.00, 0.00, 0.00, 0.00, 0.00
"GD ORBIS",0.00, 0.00, 0.00, 0.00, 0.00, 0.01, 0.30, 0.60, 0.60, 0.70, 0.70, 0.80, 0.70, 0.70, 0.70, 0.30, 0.10, 0.05, 0.00, 0.00, 0.00, 0.00, 0.00, 0.00
"GD PALERMO",0.00, 0.00, 0.00, 0.00, 0.00, 0.00, 0.02, 0.11, 0.24, 0.33, 0.63, 0.57, 0.51, 0.61, 0.45, 0.40, 0.18, 0.03, 0.00, 0.00, 0.00, 0.00, 0.00, 0.00
"GD PALMERAS I",0.00, 0.00, 0.00, 0.00, 0.00, 0.00, 0.05, 0.26, 0.45, 0.59, 0.67, 0.72, 0.73, 0.72, 0.69, 0.62, 0.41, 0.11, 0.00, 0.00, 0.00, 0.00, 0.00, 0.00
"GD PALMERAS II",0.00, 0.00, 0.00, 0.00, 0.00, 0.00, 0.05, 0.26, 0.45, 0.59, 0.67, 0.72, 0.73, 0.72, 0.69, 0.62, 0.41, 0.11, 0.00, 0.00, 0.00, 0.00, 0.00, 0.00
"GD PALMERAS III",0.00, 0.00, 0.00, 0.00, 0.00, 0.00, 0.05, 0.26, 0.45, 0.59, 0.67, 0.72, 0.73, 0.72, 0.69, 0.62, 0.41, 0.11, 0.00, 0.00, 0.00, 0.00, 0.00, 0.00
"GD PALMERAS IV",0.00, 0.00, 0.00, 0.00, 0.00, 0.00, 0.05, 0.26, 0.45, 0.59, 0.67, 0.72, 0.73, 0.72, 0.69, 0.62, 0.41, 0.11, 0.00, 0.00, 0.00, 0.00, 0.00, 0.00
"GD PARQUE SOLAR GRANADA I",0.00, 0.00, 0.00, 0.00, 0.00, 0.00, 0.02, 0.17, 0.30, 0.45, 0.50, 0.50, 0.50, 0.35, 0.25, 0.20, 0.15, 0.04, 0.00, 0.00, 0.00, 0.00, 0.00, 0.00
"GD PARQUE SOLAR GRANADA II",0.00, 0.00, 0.00, 0.00, 0.00, 0.02, 0.17, 0.30, 0.45, 0.50, 0.50, 0.50, 0.50, 0.35, 0.25, 0.20, 0.15, 0.00, 0.00, 0.00, 0.00, 0.00, 0.00, 0.00
"GD PARQUE SOLAR LA ESPERANZA",0.00, 0.00, 0.00, 0.00, 0.00, 0.02, 0.17, 0.30, 0.45, 0.50, 0.50, 0.50, 0.50, 0.35, 0.25, 0.20, 0.15, 0.00, 0.00, 0.00, 0.00, 0.00, 0.00, 0.00
"GD PARQUE SOLAR TRONCAL",0.00, 0.00, 0.00, 0.00, 0.00, 0.02, 0.17, 0.30, 0.45, 0.50, 0.50, 0.50, 0.50, 0.35, 0.25, 0.20, 0.15, 0.00, 0.00, 0.00, 0.00, 0.00, 0.00, 0.00
"GD PEGASUS SOLAR",0.00, 0.00, 0.00, 0.00, 0.00, 0.00, 0.04, 0.02, 0.04, 0.06, 0.07, 0.06, 0.06, 0.06, 0.05, 0.05, 0.02, 0.01, 0.00, 0.00, 0.00, 0.00, 0.00, 0.00
"GD POLARIS II",0.00, 0.00, 0.00, 0.00, 0.00, 0.01, 0.30, 0.60, 0.60, 0.70, 0.70, 0.80, 0.70, 0.70, 0.70, 0.30, 0.10, 0.05, 0.00, 0.00, 0.00, 0.00, 0.00, 0.00
"GD POLARIS III",0.00, 0.00, 0.00, 0.00, 0.00, 0.01, 0.30, 0.60, 0.60, 0.70, 0.70, 0.80, 0.70, 0.70, 0.70, 0.30, 0.10, 0.05, 0.00, 0.00, 0.00, 0.00, 0.00, 0.00
"GD PULOY",0.00, 0.00, 0.00, 0.00, 0.00, 0.01, 0.30, 0.60, 0.60, 0.70, 0.70, 0.80, 0.70, 0.70, 0.70, 0.30, 0.10, 0.05, 0.00, 0.00, 0.00, 0.00, 0.00, 0.00
"GD PXV I",0.00, 0.00, 0.00, 0.00, 0.00, 0.01, 0.10, 0.38, 0.60, 0.70, 0.80, 0.85, 0.85, 0.85, 0.70, 0.50, 0.22, 0.02, 0.00, 0.00, 0.00, 0.00, 0.00, 0.00
"GD PXV IV",0.00, 0.00, 0.00, 0.00, 0.00, 0.01, 0.10, 0.38, 0.60, 0.70, 0.80, 0.85, 0.85, 0.85, 0.70, 0.50, 0.22, 0.02, 0.00, 0.00, 0.00, 0.00, 0.00, 0.00
"GD SABANA DE TORRES",0.00, 0.00, 0.00, 0.00, 0.00, 0.01, 0.30, 0.60, 0.60, 0.70, 0.70, 0.80, 0.70, 0.70, 0.70, 0.30, 0.10, 0.05, 0.00, 0.00, 0.00, 0.00, 0.00, 0.00
"GD SAN MARTIN",0.00, 0.00, 0.00, 0.00, 0.00, 0.00, 0.03, 0.17, 0.30, 0.45, 0.50, 0.44, 0.50, 0.35, 0.25, 0.33, 0.17, 0.04, 0.00, 0.00, 0.00, 0.00, 0.00, 0.00
"GD SAN MARTIN II",0.00, 0.00, 0.00, 0.00, 0.00, 0.00, 0.02, 0.17, 0.30, 0.45, 0.50, 0.50, 0.50, 0.35, 0.25, 0.33, 0.17, 0.04, 0.00, 0.00, 0.00, 0.00, 0.00, 0.00
"GD SAN MARTIN III",0.00, 0.00, 0.00, 0.00, 0.00, 0.00, 0.02, 0.17, 0.30, 0.45, 0.50, 0.50, 0.50, 0.35, 0.25, 0.20, 0.15, 0.04, 0.00, 0.00, 0.00, 0.00, 0.00, 0.00
"GD SAN ONOFRE I",0.00, 0.00, 0.00, 0.00, 0.00, 0.00, 0.06, 0.22, 0.40, 0.59, 0.72, 0.84, 0.82, 0.68, 0.58, 0.44, 0.23, 0.06, 0.00, 0.00, 0.00, 0.00, 0.00, 0.00
"GD SAN ONOFRE II",0.00, 0.00, 0.00, 0.00, 0.00, 0.00, 0.06, 0.22, 0.40, 0.59, 0.72, 0.84, 0.82, 0.68, 0.58, 0.44, 0.23, 0.06, 0.00, 0.00, 0.00, 0.00, 0.00, 0.00
"GD SAN ONOFRE III",0.00, 0.00, 0.00, 0.00, 0.00, 0.00, 0.06, 0.22, 0.40, 0.59, 0.72, 0.84, 0.82, 0.68, 0.58, 0.44, 0.23, 0.06, 0.00, 0.00, 0.00, 0.00, 0.00, 0.00
"GD SAN PELAYO",0.00, 0.00, 0.00, 0.00, 0.00, 0.01, 0.30, 0.60, 0.60, 0.70, 0.70, 0.80, 0.70, 0.70, 0.70, 0.30, 0.10, 0.05, 0.00, 0.00, 0.00, 0.00, 0.00, 0.00
"GD SEMILLA DE EL PASO IIIA",0.00, 0.00, 0.00, 0.00, 0.00, 0.00, 0.06, 0.23, 0.45, 0.67, 0.79, 0.85, 0.85, 0.77, 0.63, 0.43, 0.18, 0.02, 0.00, 0.00, 0.00, 0.00, 0.00, 0.00
"GD SEMILLA DE EL PASO IVA",0.00, 0.00, 0.00, 0.00, 0.00, 0.00, 0.06, 0.23, 0.45, 0.67, 0.79, 0.85, 0.85, 0.77, 0.63, 0.43, 0.18, 0.02, 0.00, 0.00, 0.00, 0.00, 0.00, 0.00
"GD SEMILLA DE GUACAMAYAL II",0.00, 0.00, 0.00, 0.00, 0.00, 0.00, 0.01, 0.04, 0.07, 0.12, 0.08, 0.07, 0.06, 0.05, 0.02, 0.00, 0.00, 0.00, 0.00, 0.00, 0.00, 0.00, 0.00, 0.00
"GD SEMILLA DEL PASO IA",0.00, 0.00, 0.00, 0.00, 0.00, 0.00, 0.06, 0.23, 0.45, 0.67, 0.79, 0.85, 0.85, 0.77, 0.63, 0.43, 0.18, 0.02, 0.00, 0.00, 0.00, 0.00, 0.00, 0.00
"GD SEMILLA DEL PASO III",0.00, 0.00, 0.00, 0.00, 0.00, 0.00, 0.06, 0.23, 0.45, 0.67, 0.79, 0.85, 0.85, 0.77, 0.63, 0.43, 0.18, 0.02, 0.00, 0.00, 0.00, 0.00, 0.00, 0.00
"GD SEMILLAS MONTERIA I",0.00, 0.00, 0.00, 0.00, 0.00, 0.00, 0.01, 0.18, 0.31, 0.47, 0.70, 0.87, 0.88, 0.86, 0.50, 0.10, 0.08, 0.01, 0.00, 0.00, 0.00, 0.00, 0.00, 0.00
"GD SEMILLAS MONTERIA II",0.00, 0.00, 0.00, 0.00, 0.00, 0.00, 0.01, 0.18, 0.31, 0.47, 0.70, 0.87, 0.88, 0.86, 0.50, 0.10, 0.08, 0.01, 0.00, 0.00, 0.00, 0.00, 0.00, 0.00
"GD SEVILLANO RURAL I",0.00, 0.00, 0.00, 0.00, 0.00, 0.00, 0.04, 0.02, 0.04, 0.06, 0.07, 0.06, 0.06, 0.06, 0.05, 0.05, 0.02, 0.01, 0.00, 0.00, 0.00, 0.00, 0.00, 0.00
"GD SEVILLANO RURAL II",0.00, 0.00, 0.00, 0.00, 0.00, 0.00, 0.04, 0.02, 0.04, 0.06, 0.07, 0.06, 0.06, 0.06, 0.05, 0.05, 0.02, 0.01, 0.00, 0.00, 0.00, 0.00, 0.00, 0.00
"GD SINAI",0.00, 0.00, 0.00, 0.00, 0.00, 0.00, 0.17, 0.32, 0.46, 0.56, 0.63, 0.65, 0.63, 0.56, 0.46, 0.32, 0.17, 0.00, 0.00, 0.00, 0.00, 0.00, 0.00, 0.00
"GD SOL Y CIELO X",0.00, 0.00, 0.00, 0.00, 0.00, 0.01, 0.30, 0.60, 0.60, 0.70, 0.80, 0.90, 0.80, 0.70, 0.70, 0.30, 0.10, 0.05, 0.00, 0.00, 0.00, 0.00, 0.00, 0.00
"GD SOLYCIELO 9",0.00, 0.00, 0.00, 0.00, 0.00, 0.01, 0.30, 0.60, 0.60, 0.70, 0.80, 0.90, 0.80, 0.70, 0.70, 0.30, 0.10, 0.05, 0.00, 0.00, 0.00, 0.00, 0.00, 0.00
"GD SUAMOX",0.00, 0.00, 0.00, 0.00, 0.00, 0.02, 0.08, 0.16, 0.25, 0.32, 0.34, 0.38, 0.32, 0.23, 0.23, 0.17, 0.08, 0.02, 0.00, 0.00, 0.00, 0.00, 0.00, 0.00
"GD VEGA I",0.00, 0.00, 0.00, 0.00, 0.00, 0.01, 0.30, 0.60, 0.60, 0.70, 0.70, 0.80, 0.70, 0.70, 0.70, 0.30, 0.10, 0.05, 0.00, 0.00, 0.00, 0.00, 0.00, 0.00
"GD VEGA II",0.00, 0.00, 0.00, 0.00, 0.00, 0.01, 0.30, 0.60, 0.60, 0.70, 0.70, 0.80, 0.70, 0.70, 0.70, 0.30, 0.10, 0.05, 0.00, 0.00, 0.00, 0.00, 0.00, 0.00
"GD VITERBO I",0.00, 0.00, 0.00, 0.00, 0.00, 0.00, 0.02, 0.19, 0.49, 0.61, 0.78, 0.80, 0.79, 0.76, 0.24, 0.44, 0.25, 0.05, 0.00, 0.00, 0.00, 0.00, 0.00, 0.00
"GD VITERBO II",0.00, 0.00, 0.00, 0.00, 0.00, 0.00, 0.02, 0.19, 0.49, 0.61, 0.78, 0.80, 0.79, 0.76, 0.24, 0.44, 0.25, 0.05, 0.00, 0.00, 0.00, 0.00, 0.00, 0.00
"GD WE202",0.00, 0.00, 0.00, 0.00, 0.00, 0.00, 0.13, 0.25, 0.25, 0.32, 0.45, 0.45, 0.40, 0.77, 0.35, 0.25, 0.01, 0.00, 0.00, 0.00, 0.00, 0.00, 0.00, 0.00
"GD WE2021",0.00, 0.00, 0.00, 0.00, 0.00, 0.00, 0.13, 0.25, 0.25, 0.32, 0.45, 0.45, 0.40, 0.77, 0.35, 0.25, 0.01, 0.00, 0.00, 0.00, 0.00, 0.00, 0.00, 0.00
"GD YUAN SOLAR",0.00, 0.00, 0.00, 0.00, 0.00, 0.01, 0.30, 0.60, 0.60, 0.70, 0.70, 0.80, 0.70, 0.70, 0.70, 0.30, 0.10, 0.05, 0.00, 0.00, 0.00, 0.00, 0.00, 0.00
"GD YURBAQUA",0.00, 0.00, 0.00, 0.00, 0.00, 0.01, 0.30, 0.60, 0.60, 0.70, 0.70, 0.80, 0.70, 0.70, 0.70, 0.30, 0.10, 0.05, 0.00, 0.00, 0.00, 0.00, 0.00, 0.00
"GECELCA 3",164.00, 164.00, 164.00, 164.00, 164.00, 164.00, 164.00, 164.00, 164.00, 164.00, 164.00, 164.00, 164.00, 164.00, 164.00, 164.00, 164.00, 164.00, 164.00, 164.00, 164.00, 164.00, 164.00, 164.00
"GECELCA 32",260.00, 260.00, 260.00, 260.00, 260.00, 260.00, 260.00, 260.00, 260.00, 260.00, 260.00, 260.00, 260.00, 260.00, 260.00, 260.00, 260.00, 260.00, 260.00, 260.00, 260.00, 260.00, 260.00, 260.00
"GR PARQUE SOLAR TUCANES",0.00, 0.00, 0.00, 0.00, 0.00, 0.00, 1.00, 4.00, 6.00, 7.00, 9.00, 7.00, 5.00, 4.00, 4.00, 2.00, 3.00, 1.00, 0.00, 0.00, 0.00, 0.00, 0.00, 0.00
"GRANJA SOLAR ASTURIAS",0.00, 0.00, 0.00, 0.00, 0.00, 0.00, 0.00, 0.00, 0.00, 0.00, 0.00, 0.00, 0.00, 0.00, 0.00, 0.00, 0.00, 0.00, 0.00, 0.00, 0.00, 0.00, 0.00, 0.00
"GRANJA SOLAR BELMONTE",0.00, 0.00, 0.00, 0.00, 0.00, 0.00, 0.07, 0.51, 0.94, 1.66, 0.06, 2.41, 0.01, 0.03, 1.71, 0.79, 0.43, 0.09, 0.00, 0.00, 0.00, 0.00, 0.00, 0.00
"GRANJA SOLAR EL SALADO",0.00, 0.00, 0.00, 0.00, 0.00, 0.00, 0.00, 0.02, 0.03, 0.05, 0.05, 0.05, 0.06, 0.05, 0.04, 0.03, 0.01, 0.01, 0.00, 0.00, 0.00, 0.00, 0.00, 0.00
"GRANJA SOLAR FLANDES",0.00, 0.00, 0.00, 0.00, 0.00, 0.00, 0.00, 2.00, 4.00, 6.00, 12.00, 13.00, 12.00, 13.00, 11.00, 11.00, 5.00, 0.00, 0.00, 0.00, 0.00, 0.00, 0.00, 0.00
"GRANJA SOLAR LA GARITA",0.00, 0.00, 0.00, 0.00, 0.00, 0.00, 0.00, 0.00, 0.00, 0.00, 0.00, 0.00, 0.00, 0.00, 0.00, 0.00, 0.00, 0.00, 0.00, 0.00, 0.00, 0.00, 0.00, 0.00
"GRANJA SOLAR LANCEROS",0.00, 0.00, 0.00, 0.00, 0.00, 0.00, 0.00, 0.00, 1.00, 3.00, 4.00, 4.00, 6.00, 6.00, 4.00, 6.00, 2.00, 0.00, 0.00, 0.00, 0.00, 0.00, 0.00, 0.00
"GRANJA SOLAR SAN FELIPE",0.00, 0.00, 0.00, 0.00, 0.00, 0.00, 0.00, 2.00, 3.00, 5.00, 7.00, 7.00, 8.00, 5.00, 7.00, 4.00, 2.00, 0.00, 0.00, 0.00, 0.00, 0.00, 0.00, 0.00
"GUACAICA",0.00, 0.00, 0.00, 0.00, 0.00, 0.00, 0.00, 0.00, 0.00, 0.00, 0.00, 0.00, 0.00, 0.00, 0.00, 0.00, 0.00, 0.00, 0.00, 0.00, 0.00, 0.00, 0.00, 0.00
"GUAJIRA 1",0.00, 0.00, 0.00, 0.00, 0.00, 0.00, 0.00, 0.00, 0.00, 0.00, 0.00, 0.00, 0.00, 0.00, 0.00, 0.00, 0.00, 0.00, 0.00, 0.00, 0.00, 0.00, 0.00, 0.00
"GUAJIRA 2",0.00, 0.00, 0.00, 0.00, 0.00, 0.00, 0.00, 0.00, 0.00, 0.00, 0.00, 0.00, 0.00, 0.00, 0.00, 0.00, 0.00, 0.00, 0.00, 0.00, 0.00, 0.00, 0.00, 0.00
"GUAMO",0.00, 0.00, 0.00, 0.00, 0.00, 0.42, 1.76, 3.31, 4.75, 6.21, 7.18, 7.28, 6.61, 5.55, 4.10, 2.31, 0.57, 0.00, 0.00, 0.00, 0.00, 0.00, 0.00, 0.00
"GUANAQUITAS",9.07, 9.07, 9.07, 9.07, 9.07, 9.07, 9.07, 9.07, 9.07, 9.07, 9.07, 9.07, 9.07, 9.07, 9.07, 9.07, 9.07, 9.07, 9.07, 9.07, 9.07, 9.07, 9.07, 9.07
"GUATAPE",0.00, 0.00, 0.00, 0.00, 0.00, 0.00, 0.00, 0.00, 0.00, 0.00, 0.00, 0.00, 0.00, 0.00, 0.00, 0.00, 0.00, 0.00, 350.00, 350.00, 350.00, 159.13, 0.00, 0.00
"GUATRON",341.00, 341.00, 341.00, 341.00, 341.00, 341.00, 341.00, 341.00, 341.00, 341.00, 341.00, 341.00, 341.00, 341.00, 341.00, 341.00, 341.00, 341.00, 341.00, 341.00, 341.00, 341.00, 427.00, 427.00
"GUAVIO",984.00, 984.00, 984.00, 984.00, 984.00, 984.00, 984.00, 984.00, 984.00, 877.83, 954.56, 984.00, 984.00, 984.00, 984.00, 984.00, 984.00, 984.00, 984.00, 984.00, 984.00, 984.00, 984.00, 984.00
"GUAVIO MENOR",5.00, 5.00, 5.00, 5.00, 5.00, 5.00, 5.00, 5.00, 5.00, 5.00, 5.00, 5.00, 5.00, 5.00, 5.00, 5.00, 5.00, 5.00, 0.00, 0.00, 0.00, 0.00, 0.00, 0.00
"GUAYEPO",0.00, 0.00, 0.00, 0.00, 0.00, 0.00, 13.00, 53.00, 112.00, 165.00, 215.00, 238.00, 247.00, 233.00, 202.00, 149.00, 90.00, 19.00, 0.00, 0.00, 0.00, 0.00, 0.00, 0.00
"GUAYEPO III",0.00, 0.00, 0.00, 0.00, 0.00, 0.00, 7.00, 29.00, 65.00, 101.00, 123.00, 138.00, 142.00, 137.00, 121.00, 82.00, 45.00, 17.00, 0.00, 0.00, 0.00, 0.00, 0.00, 0.00
"GY SOLAR AURORA",0.00, 0.00, 0.00, 0.00, 0.00, 0.01, 0.03, 0.24, 0.36, 0.51, 0.63, 0.54, 0.61, 0.20, 0.10, 0.00, 0.00, 0.00, 0.00, 0.00, 0.00, 0.00, 0.00, 0.00
"HELIOS I",0.00, 0.00, 0.00, 0.00, 0.00, 0.37, 2.68, 3.61, 6.30, 9.62, 7.80, 10.80, 9.50, 8.40, 6.13, 4.14, 1.22, 0.37, 0.00, 0.00, 0.00, 0.00, 0.00, 0.00
"HIDROBARRANCAS",3.10, 3.10, 3.10, 3.10, 3.10, 3.10, 3.10, 3.10, 3.10, 3.10, 3.10, 3.10, 3.10, 3.10, 3.10, 3.10, 3.10, 3.10, 3.10, 3.10, 3.10, 3.10, 3.10, 3.10
"HIDROMONTAÑITAS",0.00, 0.00, 14.00, 18.00, 18.00, 18.00, 18.00, 16.00, 16.00, 16.00, 16.00, 16.00, 16.00, 16.00, 14.00, 16.00, 14.00, 14.00, 16.00, 18.00, 18.00, 18.00, 18.00, 12.00
"INCAUCA 1",34.00, 34.00, 34.00, 34.00, 34.00, 34.00, 34.00, 34.00, 34.00, 34.00, 34.00, 34.00, 34.00, 34.00, 34.00, 34.00, 34.00, 34.00, 34.00, 34.00, 34.00, 34.00, 34.00, 34.00
"INGENIO PICHICHI 1",0.00, 0.00, 0.00, 0.00, 0.00, 0.00, 0.00, 0.00, 0.00, 0.00, 0.00, 0.00, 0.00, 0.00, 0.00, 0.00, 0.00, 0.00, 0.00, 0.00, 0.00, 0.00, 0.00, 0.00
"INGENIO PROVIDENCIA 2",12.30, 12.30, 12.30, 12.30, 12.30, 12.30, 12.30, 12.30, 12.30, 12.30, 12.30, 12.30, 12.30, 12.30, 12.30, 12.30, 12.30, 12.30, 12.30, 12.30, 12.30, 12.30, 12.30, 12.30
"INGENIO RIOPAILA 1",8.00, 8.00, 8.00, 8.00, 8.00, 8.00, 8.00, 8.00, 8.00, 8.00, 8.00, 8.00, 8.00, 8.00, 8.00, 8.00, 8.00, 8.00, 8.00, 8.00, 8.00, 8.00, 8.00, 8.00
"INGENIO RISARALDA 1",13.00, 13.00, 13.00, 13.00, 13.00, 13.00, 13.00, 13.00, 13.00, 13.00, 13.00, 13.00, 13.00, 13.00, 13.00, 13.00, 13.00, 13.00, 13.00, 13.00, 13.00, 13.00, 13.00, 13.00
"INGENIO SAN CARLOS 1",1.46, 1.46, 1.46, 1.46, 1.46, 1.46, 1.46, 1.46, 1.46, 1.46, 1.46, 1.46, 1.46, 1.46, 1.46, 1.46, 1.46, 1.46, 1.46, 1.46, 1.46, 1.46, 1.46, 1.46
"INSULA",11.00, 11.00, 11.00, 11.00, 11.00, 11.00, 11.00, 11.00, 11.00, 11.00, 11.00, 11.00, 11.00, 11.00, 11.00, 11.00, 11.00, 11.00, 11.00, 11.00, 11.00, 11.00, 11.00, 11.00
"INTERMEDIA",0.00, 0.00, 0.00, 0.00, 0.00, 0.00, 0.00, 0.00, 0.00, 0.00, 0.00, 0.00, 0.00, 0.00, 0.00, 0.00, 0.00, 0.00, 0.00, 0.00, 0.00, 0.00, 0.00, 0.00
"INZA",0.00, 0.00, 0.00, 0.00, 0.00, 0.00, 0.00, 0.00, 0.00, 0.00, 0.00, 0.00, 0.00, 0.00, 0.00, 0.00, 0.00, 0.00, 0.00, 0.00, 0.00, 0.00, 0.00, 0.00
"IQUIRA I",0.00, 0.00, 0.00, 0.00, 0.00, 0.00, 0.00, 0.00, 0.00, 0.00, 0.00, 0.00, 0.00, 0.00, 0.00, 0.00, 0.00, 0.00, 0.00, 0.00, 0.00, 0.00, 0.00, 0.00
"IQUIRA II",0.00, 0.00, 0.00, 0.00, 0.00, 0.00, 0.00, 0.00, 0.00, 0.00, 0.00, 0.00, 0.00, 0.00, 0.00, 0.00, 0.00, 0.00, 0.00, 0.00, 0.00, 0.00, 0.00, 0.00
"ITUANGO",1120.00, 1120.00, 1120.00, 1120.00, 1120.00, 1120.00, 1120.00, 1120.00, 1120.00, 1120.00, 1120.00, 1120.00, 1120.00, 1120.00, 1120.00, 1120.00, 1120.00, 1120.00, 1120.00, 1120.00, 1120.00, 1120.00, 1120.00, 1120.00
"JAGUAS",0.00, 0.00, 0.00, 0.00, 0.00, 0.00, 0.00, 0.00, 0.00, 0.00, 0.00, 0.00, 0.00, 0.00, 0.00, 0.00, 0.00, 37.67, 170.00, 170.00, 170.00, 170.00, 0.00, 0.00
"JEQUES",0.00, 0.00, 0.00, 0.00, 0.00, 0.01, 0.03, 0.24, 0.36, 0.51, 0.63, 0.54, 0.61, 0.20, 0.10, 0.00, 0.00, 0.00, 0.00, 0.00, 0.00, 0.00, 0.00, 0.00
"JUAN GARCIA",2.20, 2.20, 2.20, 2.20, 2.20, 2.20, 2.20, 2.20, 2.20, 2.20, 2.20, 2.20, 2.20, 2.20, 2.20, 2.20, 2.20, 2.20, 2.20, 2.20, 2.20, 2.20, 2.80, 2.80
"JUMI",0.00, 0.00, 0.00, 0.00, 0.00, 0.00, 0.63, 3.15, 7.57, 8.83, 8.83, 8.83, 8.20, 7.57, 5.67, 2.52, 1.26, 0.00, 0.00, 0.00, 0.00, 0.00, 0.00, 0.00
"LA CASCADA ( ABEJORRAL)",2.00, 2.00, 2.00, 2.00, 2.00, 2.00, 2.00, 2.00, 2.00, 2.00, 2.00, 2.00, 2.00, 2.00, 2.00, 2.00, 2.00, 2.00, 2.00, 2.00, 2.00, 2.00, 2.00, 2.00
"LA CASCADA (ANTIOQUIA)",1.81, 1.81, 1.81, 1.81, 1.81, 1.81, 1.81, 1.81, 1.81, 1.81, 1.81, 1.81, 1.81, 1.81, 1.81, 1.81, 1.81, 1.81, 1.81, 1.81, 1.81, 1.81, 1.81, 1.81
"LA CASCADA DE GRANADA",0.70, 0.70, 0.70, 0.70, 0.70, 0.70, 0.70, 0.70, 0.70, 0.70, 0.70, 0.70, 0.70, 0.70, 0.70, 0.70, 0.70, 0.70, 0.70, 0.70, 0.70, 0.70, 0.70, 0.70
"LA CHORRERA",6.50, 6.50, 6.50, 6.50, 6.50, 6.50, 6.50, 6.50, 6.50, 6.50, 6.50, 6.50, 6.50, 6.50, 6.50, 6.50, 11.50, 11.50, 10.50, 9.50, 9.50, 8.50, 8.50, 8.50
"LA FRISOLERA",0.29, 0.29, 0.29, 0.29, 0.29, 0.29, 0.29, 0.29, 0.29, 0.29, 0.29, 0.29, 0.29, 0.29, 0.29, 0.29, 0.29, 0.29, 0.29, 0.29, 0.29, 0.29, 0.29, 0.29
"LA HERRADURA",18.40, 18.40, 18.40, 18.40, 18.40, 18.40, 18.40, 18.40, 18.40, 18.40, 18.40, 18.40, 18.40, 18.40, 18.40, 18.40, 18.40, 18.40, 18.40, 18.40, 18.40, 18.40, 18.40, 18.40
"LA INGLESA",0.00, 0.00, 0.00, 0.00, 0.00, 0.01, 0.30, 0.60, 0.60, 0.70, 0.70, 0.80, 0.70, 0.70, 0.70, 0.30, 0.01, 0.05, 0.00, 0.00, 0.00, 0.00, 0.00, 0.00
"LA MARTINA",0.00, 0.00, 0.00, 0.00, 0.00, 0.01, 0.49, 1.84, 3.78, 5.64, 6.76, 7.86, 8.22, 7.33, 6.35, 4.67, 2.57, 0.51, 0.00, 0.00, 0.00, 0.00, 0.00, 0.00
"LA MATA",0.00, 0.00, 0.00, 0.00, 0.00, 0.00, 22.00, 58.00, 75.00, 80.00, 80.00, 80.00, 80.00, 80.00, 80.00, 72.00, 50.00, 20.00, 0.00, 0.00, 0.00, 0.00, 0.00, 0.00
"LA MEDINA",0.00, 0.00, 0.00, 0.00, 0.00, 0.00, 0.00, 0.00, 1.00, 4.00, 7.00, 7.00, 8.00, 6.00, 6.00, 4.00, 2.00, 0.00, 0.00, 0.00, 0.00, 0.00, 0.00, 0.00
"LA NAVETA",3.50, 3.50, 3.50, 3.50, 3.50, 3.50, 3.50, 3.50, 3.50, 3.50, 3.50, 3.50, 3.50, 3.50, 3.50, 3.50, 3.50, 3.50, 3.50, 3.50, 3.50, 3.50, 3.50, 3.50
"LA NENERA",0.00, 0.00, 0.00, 0.00, 0.00, 0.00, 0.02, 0.06, 0.30, 0.66, 0.97, 0.96, 0.86, 0.79, 0.61, 0.47, 0.28, 0.09, 0.00, 0.00, 0.00, 0.00, 0.00, 0.00
"LA PAZ",0.00, 0.00, 0.00, 0.00, 0.00, 0.00, 3.04, 7.29, 8.87, 9.74, 9.90, 9.90, 9.90, 9.90, 8.95, 4.73, 5.83, 1.88, 0.00, 0.00, 0.00, 0.00, 0.00, 0.00
"LA PITA",1.00, 1.00, 1.00, 1.00, 1.00, 1.00, 1.00, 1.00, 1.00, 1.00, 1.00, 1.00, 1.00, 1.00, 1.00, 1.00, 1.00, 1.00, 1.00, 1.00, 1.00, 1.00, 1.00, 1.00
"LA REBUSCA",0.65, 0.65, 0.65, 0.65, 0.65, 0.65, 0.65, 0.65, 0.65, 0.65, 0.65, 0.65, 0.65, 0.65, 0.65, 0.65, 0.65, 0.65, 0.65, 0.65, 0.65, 0.65, 0.65, 0.65
"LA SIERPE",0.00, 0.00, 0.00, 0.00, 0.00, 0.00, 2.00, 4.00, 6.00, 12.00, 19.00, 19.00, 19.00, 19.00, 16.00, 14.00, 4.00, 6.00, 1.00, 0.00, 0.00, 0.00, 0.00, 0.00
"LA TASAJERA",306.00, 306.00, 306.00, 306.00, 306.00, 306.00, 306.00, 306.00, 306.00, 306.00, 306.00, 306.00, 306.00, 306.00, 306.00, 306.00, 306.00, 306.00, 306.00, 306.00, 306.00, 306.00, 306.00, 306.00
"LA TOLUA",0.00, 0.00, 0.00, 0.00, 0.00, 0.00, 2.00, 4.00, 6.00, 8.00, 19.00, 19.00, 19.00, 19.00, 16.00, 14.00, 8.00, 6.00, 1.00, 0.00, 0.00, 0.00, 0.00, 0.00
"LA VUELTA",7.00, 7.00, 7.00, 7.00, 7.00, 7.00, 7.00, 0.00, 0.00, 0.00, 0.00, 0.00, 0.00, 0.00, 0.00, 0.00, 0.00, 7.00, 7.00, 7.00, 7.00, 7.00, 7.00, 7.00
"LAGUNETA",0.00, 0.00, 0.00, 0.00, 0.00, 0.00, 0.00, 0.00, 0.00, 0.00, 0.00, 0.00, 0.00, 0.00, 0.00, 0.00, 0.00, 0.00, 0.00, 0.00, 0.00, 0.00, 0.00, 0.00
"LAS PALMAS",2.80, 2.80, 2.80, 2.80, 2.80, 2.80, 2.80, 2.80, 2.80, 2.80, 2.80, 2.80, 2.80, 2.80, 2.80, 2.80, 2.80, 2.80, 2.80, 2.80, 2.80, 2.80, 2.80, 2.80
"LAS VIOLETAS",0.45, 0.45, 0.45, 0.45, 0.45, 0.45, 0.45, 0.45, 0.45, 0.45, 0.45, 0.45, 0.45, 0.45, 0.45, 0.45, 0.45, 0.45, 0.45, 0.45, 0.45, 0.45, 0.45, 0.00
"LATAM SOLAR LA LOMA",0.00, 0.00, 0.00, 0.00, 0.00, 0.00, 11.00, 38.00, 69.00, 99.00, 111.00, 81.00, 41.00, 66.00, 102.00, 87.00, 44.00, 11.00, 0.00, 0.00, 0.00, 0.00, 0.00, 0.00
"LOS CABALLEROS",0.00, 0.00, 0.00, 0.00, 0.00, 0.00, 0.00, 1.00, 2.00, 4.00, 8.00, 8.00, 9.00, 7.00, 7.00, 4.00, 2.00, 0.00, 0.00, 0.00, 0.00, 0.00, 0.00, 0.00
"LOS GIRASOLES",0.00, 0.00, 0.00, 0.00, 0.00, 0.00, 2.13, 3.50, 5.28, 6.67, 7.85, 6.43, 5.98, 3.66, 2.13, 2.13, 2.13, 0.00, 0.00, 0.00, 0.00, 0.00, 0.00, 0.00
"LUZMA I",9.40, 9.40, 9.40, 9.40, 9.40, 9.40, 9.40, 9.40, 9.40, 9.40, 9.40, 9.40, 9.40, 9.40, 9.40, 9.40, 9.40, 9.40, 9.40, 9.40, 9.40, 9.40, 9.40, 9.40
"LUZMA II",9.06, 9.06, 9.06, 9.06, 9.06, 9.06, 9.06, 9.06, 9.06, 9.06, 9.06, 9.06, 9.06, 9.06, 9.06, 9.06, 9.06, 9.06, 9.06, 9.06, 9.06, 9.06, 9.06, 9.06
"MAGALLO",2.20, 2.20, 2.20, 2.20, 2.20, 2.20, 2.20, 2.20, 2.20, 2.20, 2.20, 2.20, 2.20, 2.20, 2.20, 2.20, 2.20, 2.20, 2.20, 2.20, 2.20, 2.20, 2.20, 2.20
"MANANTIALES",2.00, 2.00, 2.00, 2.00, 2.00, 2.00, 2.00, 2.00, 2.00, 2.00, 2.00, 2.00, 2.00, 2.00, 2.00, 2.00, 2.00, 2.00, 2.00, 2.00, 2.00, 2.00, 2.00, 2.00
"MAYAGUEZ 1",10.50, 10.50, 10.50, 10.50, 10.50, 10.50, 10.50, 10.50, 10.50, 10.50, 10.50, 10.50, 10.50, 10.50, 10.50, 10.50, 10.50, 10.50, 10.50, 10.50, 10.50, 10.50, 10.50, 10.50
"MERILECTRICA 1",0.00, 0.00, 0.00, 0.00, 0.00, 0.00, 0.00, 0.00, 0.00, 0.00, 0.00, 0.00, 0.00, 0.00, 0.00, 0.00, 0.00, 0.00, 0.00, 0.00, 0.00, 0.00, 0.00, 0.00
"MIEL I",0.00, 0.00, 0.00, 0.00, 0.00, 0.00, 0.00, 0.00, 0.00, 0.00, 0.00, 0.00, 0.00, 0.00, 0.00, 0.00, 0.00, 0.00, 393.00, 393.00, 393.00, 0.00, 0.00, 0.00
"MINIGRANJA EL COPEY OCCIDENTE",0.00, 0.00, 0.00, 0.00, 0.00, 0.01, 0.30, 0.60, 0.60, 0.70, 0.70, 0.80, 0.70, 0.70, 0.70, 0.30, 0.10, 0.05, 0.00, 0.00, 0.00, 0.00, 0.00, 0.00
"MINIGRANJA EL JOROPO",0.00, 0.00, 0.00, 0.00, 0.00, 0.01, 0.30, 0.60, 0.60, 0.70, 0.70, 0.80, 0.70, 0.70, 0.70, 0.30, 0.10, 0.05, 0.00, 0.00, 0.00, 0.00, 0.00, 0.00
"MINIGRANJA EL MAPALE",0.00, 0.00, 0.00, 0.00, 0.00, 0.01, 0.30, 0.60, 0.60, 0.70, 0.70, 0.80, 0.70, 0.70, 0.70, 0.30, 0.10, 0.05, 0.00, 0.00, 0.00, 0.00, 0.00, 0.00
"MINIGRANJA EL MERENGUE",0.00, 0.00, 0.00, 0.00, 0.00, 0.01, 0.30, 0.60, 0.60, 0.70, 0.80, 0.90, 0.80, 0.70, 0.70, 0.30, 0.10, 0.05, 0.00, 0.00, 0.00, 0.00, 0.00, 0.00
"MINIGRANJA EL MOLINO",0.00, 0.00, 0.00, 0.00, 0.00, 0.01, 0.30, 0.60, 0.60, 0.70, 0.70, 0.80, 0.70, 0.70, 0.70, 0.30, 0.01, 0.05, 0.00, 0.00, 0.00, 0.00, 0.00, 0.00
"MINIGRANJA EL OLIMPO",0.00, 0.00, 0.00, 0.00, 0.00, 0.01, 0.30, 0.60, 0.60, 0.70, 0.70, 0.80, 0.70, 0.70, 0.70, 0.30, 0.10, 0.05, 0.00, 0.00, 0.00, 0.00, 0.00, 0.00
"MINIGRANJA EL SON",0.00, 0.00, 0.00, 0.00, 0.00, 0.01, 0.30, 0.60, 0.60, 0.70, 0.70, 0.80, 0.70, 0.70, 0.70, 0.30, 0.10, 0.05, 0.00, 0.00, 0.00, 0.00, 0.00, 0.00
"MINIGRANJA IBIRICO",0.00, 0.00, 0.00, 0.00, 0.00, 0.01, 0.30, 0.60, 0.60, 0.70, 0.70, 0.80, 0.70, 0.70, 0.70, 0.30, 0.10, 0.05, 0.00, 0.00, 0.00, 0.00, 0.00, 0.00
"MINIGRANJA LA CUMBIA",0.00, 0.00, 0.00, 0.00, 0.00, 0.01, 0.30, 0.60, 0.60, 0.70, 0.70, 0.80, 0.70, 0.70, 0.70, 0.30, 0.10, 0.05, 0.00, 0.00, 0.00, 0.00, 0.00, 0.00
"MINIGRANJA LA PAZ ESMERALDA",0.00, 0.00, 0.00, 0.00, 0.00, 0.01, 0.30, 0.60, 0.60, 0.70, 0.70, 0.80, 0.70, 0.70, 0.70, 0.30, 0.10, 0.05, 0.00, 0.00, 0.00, 0.00, 0.00, 0.00
"MINIGRANJA LA PAZ LEYENDA",0.00, 0.00, 0.00, 0.00, 0.00, 0.01, 0.30, 0.60, 0.60, 0.70, 0.70, 0.80, 0.70, 0.70, 0.70, 0.30, 0.01, 0.05, 0.00, 0.00, 0.00, 0.00, 0.00, 0.00
"MINIGRANJA LA PAZ VALLENATA",0.00, 0.00, 0.00, 0.00, 0.00, 0.01, 0.30, 0.60, 0.60, 0.70, 0.70, 0.80, 0.70, 0.70, 0.70, 0.30, 0.01, 0.05, 0.00, 0.00, 0.00, 0.00, 0.00, 0.00
"MINIGRANJA LA PAZ VERSO",0.00, 0.00, 0.00, 0.00, 0.00, 0.01, 0.30, 0.60, 0.60, 0.70, 0.70, 0.80, 0.70, 0.70, 0.70, 0.30, 0.10, 0.05, 0.00, 0.00, 0.00, 0.00, 0.00, 0.00
"MINIGRANJA LA PUYA",0.00, 0.00, 0.00, 0.00, 0.00, 0.01, 0.30, 0.60, 0.60, 0.70, 0.70, 0.80, 0.70, 0.70, 0.70, 0.30, 0.10, 0.05, 0.00, 0.00, 0.00, 0.00, 0.00, 0.00
"MINIGRANJA LA RESERVA",0.00, 0.00, 0.00, 0.00, 0.00, 0.01, 0.30, 0.60, 0.60, 0.70, 0.70, 0.80, 0.70, 0.70, 0.70, 0.30, 0.10, 0.05, 0.00, 0.00, 0.00, 0.00, 0.00, 0.00
"MINIGRANJA SAN DIEGO SUR",0.00, 0.00, 0.00, 0.00, 0.00, 0.01, 0.30, 0.60, 0.60, 0.70, 0.70, 0.80, 0.70, 0.70, 0.70, 0.30, 0.10, 0.05, 0.00, 0.00, 0.00, 0.00, 0.00, 0.00
"MINIGRANJA SAN PEDRO",0.00, 0.00, 0.00, 0.00, 0.00, 0.00, 0.14, 0.32, 0.32, 0.55, 0.64, 0.73, 0.82, 0.73, 0.64, 0.55, 0.32, 0.14, 0.00, 0.00, 0.00, 0.00, 0.00, 0.00
"MINIGRANJA VALENCIA ORIENTE I",0.00, 0.00, 0.00, 0.00, 0.00, 0.01, 0.30, 0.60, 0.60, 0.70, 0.70, 0.80, 0.70, 0.70, 0.70, 0.30, 0.10, 0.05, 0.00, 0.00, 0.00, 0.00, 0.00, 0.00
"MINIGRANJA VALENCIA ORIENTE II",0.00, 0.00, 0.00, 0.00, 0.00, 0.01, 0.30, 0.60, 0.60, 0.70, 0.70, 0.80, 0.70, 0.70, 0.70, 0.30, 0.10, 0.05, 0.00, 0.00, 0.00, 0.00, 0.00, 0.00
"MINIGRANJA VILLANUEVA",0.00, 0.00, 0.00, 0.00, 0.00, 0.01, 0.30, 0.60, 0.60, 0.70, 0.80, 0.90, 0.80, 0.70, 0.70, 0.30, 0.10, 0.05, 0.00, 0.00, 0.00, 0.00, 0.00, 0.00
"MIROLINDO",2.07, 2.07, 2.07, 2.07, 2.07, 2.07, 2.07, 2.07, 2.07, 2.07, 2.07, 2.07, 2.07, 2.07, 2.07, 2.07, 2.07, 2.07, 2.07, 2.07, 2.07, 2.07, 2.07, 2.07
"MONDOMO",0.48, 0.48, 0.46, 0.46, 0.46, 0.46, 0.46, 0.46, 0.45, 0.45, 0.46, 0.46, 0.43, 0.46, 0.44, 0.44, 0.43, 0.44, 0.44, 0.45, 0.46, 0.48, 0.48, 0.48
"MONTELIBANO",0.00, 0.00, 0.00, 0.00, 0.00, 0.00, 0.00, 2.00, 5.00, 3.00, 7.00, 7.00, 8.00, 8.00, 7.00, 4.00, 2.00, 0.00, 0.00, 0.00, 0.00, 0.00, 0.00, 0.00
"MORRO AZUL",11.00, 11.00, 11.00, 11.00, 11.00, 11.00, 11.00, 11.00, 11.00, 11.00, 11.00, 11.00, 11.00, 11.00, 11.00, 11.00, 11.00, 11.00, 11.00, 11.00, 11.00, 11.00, 11.00, 11.00
"MULATOS II",4.27, 4.27, 4.27, 4.27, 4.27, 4.27, 4.27, 4.27, 4.27, 4.27, 4.27, 4.27, 4.27, 4.27, 4.27, 4.27, 4.27, 4.27, 4.27, 4.27, 4.27, 4.27, 4.27, 4.27
"MUNICIPAL",0.50, 0.50, 0.50, 0.50, 0.50, 0.50, 0.50, 0.50, 0.50, 0.50, 0.50, 0.50, 0.50, 0.50, 0.50, 0.50, 0.50, 0.50, 0.50, 0.50, 0.50, 0.50, 0.50, 0.50
"NIMA",3.20, 3.20, 3.20, 3.20, 3.20, 3.20, 3.20, 3.20, 3.20, 3.20, 3.20, 3.20, 3.20, 3.20, 3.20, 3.20, 3.20, 3.20, 3.20, 3.20, 3.20, 3.20, 3.20, 3.20
"NIQUIA",15.50, 15.50, 15.50, 15.50, 15.50, 15.50, 15.50, 15.50, 15.50, 15.50, 15.50, 15.50, 15.50, 15.50, 15.50, 15.50, 15.50, 15.50, 15.50, 15.50, 15.50, 15.50, 15.50, 15.50
"NUEVO LIBARE",0.00, 0.00, 0.00, 0.00, 0.00, 0.00, 0.00, 0.00, 0.00, 0.00, 0.00, 0.00, 0.00, 0.00, 0.00, 0.00, 0.00, 0.00, 0.00, 0.00, 0.00, 0.00, 0.00, 0.00
"NUMBANA",0.00, 0.00, 0.00, 0.00, 0.00, 0.46, 2.00, 3.75, 5.38, 7.01, 7.93, 8.04, 7.46, 6.29, 4.67, 2.62, 0.63, 0.00, 0.00, 0.00, 0.00, 0.00, 0.00, 0.00
"NUTIBARA",0.00, 0.00, 0.00, 0.00, 0.00, 0.00, 0.00, 0.00, 0.00, 0.00, 0.00, 0.00, 0.00, 0.00, 0.00, 0.00, 0.00, 0.00, 0.00, 0.00, 0.00, 0.00, 0.00, 0.00
"OIBITA",16.00, 16.00, 16.00, 16.00, 16.00, 16.00, 16.00, 16.00, 16.00, 16.00, 16.00, 16.00, 16.00, 16.00, 16.00, 16.00, 16.00, 16.00, 16.00, 16.00, 16.00, 16.00, 16.00, 16.00
"OVEJAS",0.79, 0.77, 0.77, 0.77, 0.76, 0.77, 0.75, 0.71, 0.70, 0.72, 0.73, 0.78, 0.77, 0.76, 0.77, 0.76, 0.77, 0.77, 0.79, 0.79, 0.80, 0.79, 0.79, 0.78
"PAGUA",600.00, 600.00, 600.00, 600.00, 600.00, 600.00, 600.00, 600.00, 600.00, 600.00, 600.00, 600.00, 600.00, 600.00, 600.00, 600.00, 600.00, 600.00, 600.00, 600.00, 600.00, 600.00, 600.00, 600.00
"PAIPA 1",23.00, 23.00, 23.00, 23.00, 23.00, 23.00, 23.00, 23.00, 23.00, 23.00, 23.00, 23.00, 23.00, 23.00, 23.00, 23.00, 23.00, 23.00, 23.00, 23.00, 23.00, 23.00, 23.00, 23.00
"PAIPA 2",72.00, 72.00, 72.00, 72.00, 72.00, 72.00, 72.00, 72.00, 72.00, 72.00, 72.00, 72.00, 72.00, 72.00, 72.00, 72.00, 72.00, 72.00, 72.00, 72.00, 72.00, 72.00, 72.00, 72.00
"PAIPA 3",70.00, 70.00, 70.00, 70.00, 70.00, 70.00, 70.00, 70.00, 70.00, 70.00, 70.00, 70.00, 70.00, 70.00, 70.00, 70.00, 70.00, 70.00, 70.00, 70.00, 70.00, 70.00, 70.00, 70.00
"PAIPA 4",164.00, 164.00, 164.00, 164.00, 164.00, 164.00, 164.00, 164.00, 164.00, 164.00, 164.00, 164.00, 164.00, 164.00, 164.00, 164.00, 164.00, 164.00, 164.00, 164.00, 164.00, 164.00, 164.00, 164.00
"PAJARITO",7.70, 7.70, 7.70, 7.70, 7.70, 7.70, 7.70, 7.70, 7.70, 7.70, 7.70, 7.70, 7.70, 7.70, 7.70, 7.70, 7.70, 7.70, 7.70, 7.70, 7.70, 7.70, 7.70, 7.70
"PALMAS SAN GIL",4.50, 4.50, 4.50, 4.50, 4.50, 4.50, 4.50, 4.50, 4.50, 4.50, 4.50, 4.50, 4.50, 4.50, 4.50, 4.50, 4.50, 4.50, 4.50, 4.50, 4.50, 4.50, 4.50, 4.50
"PAPELES NACIONALES",0.00, 0.00, 0.00, 0.00, 0.00, 0.00, 0.00, 0.00, 0.00, 0.00, 0.00, 0.00, 0.00, 0.00, 0.00, 0.00, 0.00, 0.00, 0.00, 0.00, 0.00, 0.00, 0.00, 0.00
"PARQUE EOLICO CARRETO",0.00, 0.00, 0.00, 0.00, 0.00, 0.00, 0.00, 0.00, 0.00, 0.00, 0.00, 0.00, 0.00, 0.00, 1.00, 2.00, 2.00, 2.00, 2.00, 1.00, 1.00, 1.00, 1.00, 0.00
"PARQUE EOLICO GUAJIRA I",15.01, 14.75, 14.62, 14.08, 12.28, 11.51, 12.03, 12.37, 14.27, 16.09, 17.32, 18.37, 19.07, 19.01, 19.87, 19.42, 19.69, 19.24, 19.26, 18.83, 18.44, 18.34, 17.70, 16.73
"PARQUE EOLICO WESP01",11.82, 11.62, 11.60, 11.19, 10.38, 9.58, 9.40, 10.19, 10.86, 11.38, 11.55, 11.40, 11.32, 11.64, 11.55, 11.78, 11.68, 11.65, 11.62, 11.64, 11.74, 11.81, 11.82, 12.00
"PARQUE SOLAR ARENAL",0.00, 0.00, 0.00, 0.00, 0.00, 0.00, 0.00, 0.40, 1.10, 1.40, 1.50, 1.50, 1.50, 1.30, 1.10, 0.90, 0.40, 0.10, 0.00, 0.00, 0.00, 0.00, 0.00, 0.00
"PARQUE SOLAR BARANOA",0.00, 0.00, 0.00, 0.00, 0.00, 0.00, 4.00, 4.00, 6.00, 7.00, 8.00, 9.00, 8.00, 8.00, 7.00, 5.00, 2.00, 0.00, 0.00, 0.00, 0.00, 0.00, 0.00, 0.00
"PARQUE SOLAR BUGAMBILES",0.00, 0.00, 0.00, 0.00, 0.00, 0.00, 2.00, 2.00, 2.00, 3.00, 3.00, 3.00, 3.00, 3.00, 3.00, 2.00, 1.00, 0.00, 0.00, 0.00, 0.00, 0.00, 0.00, 0.00
"PARQUE SOLAR DINAMARCA",0.00, 0.00, 0.00, 0.00, 0.00, 0.01, 0.03, 0.24, 0.36, 0.51, 0.63, 0.54, 0.61, 0.20, 0.10, 0.00, 0.00, 0.00, 0.00, 0.00, 0.00, 0.00, 0.00, 0.00
"PARQUE SOLAR EL JARDIN",0.00, 0.00, 0.00, 0.00, 0.00, 0.01, 0.03, 0.24, 0.36, 0.51, 0.63, 0.54, 0.61, 0.20, 0.10, 0.00, 0.00, 0.00, 0.00, 0.00, 0.00, 0.00, 0.00, 0.00
"PARQUE SOLAR HATO GRANDE",0.00, 0.00, 0.00, 0.00, 0.00, 0.01, 0.03, 0.24, 0.36, 0.51, 0.63, 0.54, 0.61, 0.20, 0.10, 0.00, 0.00, 0.00, 0.00, 0.00, 0.00, 0.00, 0.00, 0.00
"PARQUE SOLAR HONDA I",0.00, 0.00, 0.00, 0.00, 0.00, 0.00, 1.00, 2.00, 4.00, 5.00, 9.00, 9.00, 9.00, 9.00, 8.00, 6.00, 4.00, 2.00, 1.00, 0.00, 0.00, 0.00, 0.00, 0.00
"PARQUE SOLAR HONDA II",0.00, 0.00, 0.00, 0.00, 0.00, 0.00, 1.00, 2.00, 3.00, 4.00, 6.00, 9.00, 9.00, 9.00, 6.00, 6.00, 5.00, 2.00, 1.00, 0.00, 0.00, 0.00, 0.00, 0.00
"PARQUE SOLAR INTI I",0.00, 0.00, 0.00, 0.00, 0.00, 0.00, 0.30, 3.50, 5.60, 7.20, 6.80, 8.60, 7.60, 7.20, 7.20, 5.80, 2.30, 1.00, 0.00, 0.00, 0.00, 0.00, 0.00, 0.00
"PARQUE SOLAR LA MENA",0.00, 0.00, 0.00, 0.00, 0.00, 0.01, 0.03, 0.24, 0.36, 0.51, 0.63, 0.54, 0.61, 0.20, 0.10, 0.00, 0.00, 0.00, 0.00, 0.00, 0.00, 0.00, 0.00, 0.00
"PARQUE SOLAR LA UNION",0.00, 0.00, 0.00, 0.00, 0.00, 0.00, 24.00, 68.00, 99.00, 100.00, 100.00, 100.00, 100.00, 100.00, 100.00, 100.00, 78.00, 27.00, 0.00, 0.00, 0.00, 0.00, 0.00, 0.00
"PARQUE SOLAR NISPEROS",0.00, 0.00, 0.00, 0.00, 0.00, 0.00, 4.00, 4.00, 6.00, 7.00, 8.00, 9.00, 8.00, 8.00, 7.00, 5.00, 2.00, 0.00, 0.00, 0.00, 0.00, 0.00, 0.00, 0.00
"PARQUE SOLAR PUERTA DE ORO",0.00, 0.00, 0.00, 0.00, 0.00, 0.00, 12.00, 39.00, 86.00, 198.00, 274.00, 286.00, 300.00, 264.00, 216.00, 151.00, 71.00, 19.00, 0.00, 0.00, 0.00, 0.00, 0.00, 0.00
"PARQUE SOLAR SABANA",0.00, 0.00, 0.00, 0.00, 0.00, 1.00, 6.00, 8.00, 9.00, 9.00, 9.00, 9.00, 9.00, 9.00, 8.00, 6.00, 1.00, 0.00, 0.00, 0.00, 0.00, 0.00, 0.00, 0.00
"PARQUE SOLAR TEPUY",0.00, 0.00, 0.00, 0.00, 0.00, 0.00, 2.00, 12.00, 31.00, 52.00, 64.00, 70.00, 77.00, 78.00, 72.00, 65.00, 41.00, 11.00, 0.00, 0.00, 0.00, 0.00, 0.00, 0.00
"PARQUE SOLAR URRA",0.00, 0.00, 0.00, 0.00, 0.00, 0.00, 0.00, 0.00, 0.00, 0.00, 0.00, 0.00, 0.00, 0.00, 0.00, 0.00, 0.00, 0.00, 0.00, 0.00, 0.00, 0.00, 0.00, 0.00
"PARQUE SOLAR VERSALLES",0.00, 0.00, 0.00, 0.00, 0.00, 0.01, 0.03, 0.24, 0.36, 0.51, 0.63, 0.54, 0.61, 0.20, 0.10, 0.00, 0.00, 0.00, 0.00, 0.00, 0.00, 0.00, 0.00, 0.00
"PASTALES",0.53, 0.53, 0.53, 0.53, 0.53, 0.53, 0.53, 0.53, 0.53, 0.53, 0.53, 0.53, 0.53, 0.53, 0.53, 0.53, 0.53, 0.53, 0.53, 0.53, 0.53, 0.53, 0.53, 0.53
"PATICO - LA CABRERA",1.00, 1.00, 0.99, 1.03, 1.04, 1.02, 1.02, 1.01, 0.99, 0.97, 0.97, 0.94, 0.87, 0.94, 0.96, 0.95, 0.93, 0.98, 0.95, 0.94, 0.93, 0.94, 0.94, 0.95
"PCH LA LIBERTAD",0.21, 0.21, 0.21, 0.21, 0.21, 0.21, 0.21, 0.21, 0.21, 0.21, 0.21, 0.21, 0.21, 0.21, 0.21, 0.21, 0.21, 0.21, 0.21, 0.21, 0.21, 0.21, 0.21, 0.21
"PCH LA NOQUE",5.00, 5.00, 5.00, 5.00, 5.00, 5.00, 5.00, 5.00, 5.00, 5.00, 5.00, 5.00, 5.00, 5.00, 5.00, 5.00, 5.00, 5.00, 5.00, 5.00, 5.00, 5.00, 5.00, 5.00
"PETALO DE CORDOBA II",0.00, 0.00, 0.00, 0.00, 0.00, 0.00, 0.19, 2.41, 5.37, 7.69, 8.08, 7.49, 6.88, 7.33, 6.22, 5.90, 4.43, 1.05, 0.00, 0.00, 0.00, 0.00, 0.00, 0.00
"PETALO DEL MAGDALENA",0.00, 0.00, 0.00, 0.00, 0.00, 0.00, 1.00, 6.00, 8.00, 8.00, 9.00, 9.00, 8.00, 9.00, 6.00, 6.00, 1.00, 0.00, 0.00, 0.00, 0.00, 0.00, 0.00, 0.00
"PETALO DEL NORTE DE SANTANDER I",0.00, 0.00, 0.00, 0.00, 0.00, 0.00, 1.89, 4.77, 8.94, 12.76, 16.05, 17.79, 16.05, 13.62, 10.58, 7.52, 4.31, 1.19, 0.00, 0.00, 0.00, 0.00, 0.00, 0.00
"PLANTA FV DONA JUANA",0.00, 0.00, 0.00, 0.00, 0.00, 0.09, 1.10, 3.20, 4.20, 3.80, 4.30, 3.90, 3.90, 4.20, 2.70, 1.30, 0.50, 0.01, 0.00, 0.00, 0.00, 0.00, 0.00, 0.00
"PLANTA SOLAR BAYUNCA I",0.00, 0.00, 0.00, 0.00, 0.00, 0.10, 0.70, 1.60, 2.10, 2.20, 2.10, 2.40, 2.40, 2.20, 1.80, 1.00, 0.30, 0.00, 0.00, 0.00, 0.00, 0.00, 0.00, 0.00
"PLANTA SOLAR SAN FRANCISCO",0.00, 0.00, 0.00, 0.00, 0.00, 0.00, 0.00, 0.00, 0.00, 0.00, 0.00, 0.00, 0.00, 0.00, 0.00, 0.00, 0.00, 0.00, 0.00, 0.00, 0.00, 0.00, 0.00, 0.00
"PLAYAS",0.00, 0.00, 0.00, 0.00, 0.00, 0.00, 0.00, 0.00, 0.00, 0.00, 0.00, 0.00, 0.00, 0.00, 0.00, 0.00, 138.00, 207.00, 207.00, 207.00, 207.00, 207.00, 207.00, 0.00
"POCUNE",1.00, 1.00, 1.00, 1.00, 1.00, 1.00, 1.00, 1.00, 1.00, 1.00, 1.00, 1.00, 1.00, 1.00, 1.00, 1.00, 1.00, 1.00, 1.00, 1.00, 1.00, 1.00, 1.00, 1.00
"POLARIS I",0.00, 0.00, 0.00, 0.00, 0.00, 0.01, 0.30, 0.60, 0.60, 0.70, 0.70, 0.80, 0.70, 0.70, 0.70, 0.30, 0.10, 0.05, 0.00, 0.00, 0.00, 0.00, 0.00, 0.00
"PORCE II",0.00, 0.00, 0.00, 0.00, 0.00, 0.00, 0.00, 0.00, 0.00, 0.00, 0.00, 0.00, 0.00, 0.00, 0.00, 0.00, 199.93, 405.00, 405.00, 405.00, 405.00, 405.00, 37.20, 0.00
"PORCE III",550.00, 550.00, 550.00, 550.00, 550.00, 550.00, 550.00, 550.00, 550.00, 550.00, 550.00, 550.00, 550.00, 550.00, 550.00, 550.00, 550.00, 550.00, 550.00, 550.00, 550.00, 550.00, 550.00, 550.00
"PORCE III MENOR",1.50, 1.50, 1.50, 1.50, 1.50, 1.50, 1.50, 1.50, 1.50, 1.50, 1.50, 1.50, 1.50, 1.50, 1.50, 1.50, 1.50, 1.50, 1.50, 1.50, 1.50, 1.50, 1.50, 1.50
"PORTON DEL SOL",0.00, 0.00, 0.00, 0.00, 0.00, 0.00, 18.00, 28.00, 53.00, 73.00, 81.00, 77.00, 85.00, 76.00, 47.00, 42.00, 10.00, 12.00, 0.00, 0.00, 0.00, 0.00, 0.00, 0.00
"PRADO",0.00, 0.00, 0.00, 0.00, 0.00, 0.00, 0.00, 0.00, 0.00, 0.00, 0.00, 0.00, 0.00, 0.00, 0.00, 0.00, 0.00, 0.00, 0.00, 0.00, 0.00, 0.00, 0.00, 0.00
"PRADO IV",5.00, 5.00, 5.00, 5.00, 5.00, 5.00, 5.00, 5.00, 5.00, 5.00, 5.00, 5.00, 5.00, 5.00, 5.00, 5.00, 5.00, 5.00, 5.00, 5.00, 5.00, 5.00, 5.00, 5.00
"PROELECTRICA 1",0.00, 0.00, 0.00, 0.00, 0.00, 0.00, 0.00, 0.00, 0.00, 0.00, 0.00, 0.00, 0.00, 0.00, 0.00, 0.00, 0.00, 0.00, 0.00, 0.00, 0.00, 0.00, 0.00, 0.00
"PROELECTRICA 2",0.00, 0.00, 0.00, 0.00, 0.00, 0.00, 0.00, 0.00, 0.00, 0.00, 0.00, 0.00, 0.00, 0.00, 0.00, 0.00, 0.00, 0.00, 0.00, 0.00, 0.00, 0.00, 0.00, 0.00
"PROENCA II",0.00, 0.00, 0.00, 0.00, 0.00, 0.00, 0.00, 0.00, 0.00, 0.00, 0.00, 0.00, 0.00, 0.00, 0.00, 0.00, 0.00, 0.00, 0.00, 0.00, 0.00, 0.00, 0.00, 0.00
"PROVIDENCIA",3.47, 3.47, 3.47, 3.47, 3.47, 3.47, 3.71, 2.87, 2.87, 2.87, 3.96, 2.87, 4.90, 4.90, 4.90, 4.72, 2.87, 3.47, 3.47, 3.47, 3.47, 3.47, 3.47, 3.47
"PUENTE GUILLERMO",2.00, 2.00, 2.00, 2.00, 2.00, 2.00, 2.00, 2.00, 2.00, 2.00, 2.00, 2.00, 2.00, 2.00, 2.00, 2.00, 2.00, 2.00, 2.00, 2.00, 2.00, 2.00, 2.00, 2.00
"REMEDIOS",0.29, 0.29, 0.29, 0.29, 0.29, 0.29, 0.29, 0.29, 0.29, 0.29, 0.29, 0.29, 0.29, 0.29, 0.29, 0.29, 0.29, 0.29, 0.29, 0.29, 0.29, 0.29, 0.29, 0.29
"RIO BOBO",2.50, 2.50, 2.50, 2.50, 2.50, 2.50, 2.50, 2.50, 2.50, 2.50, 2.50, 2.50, 2.50, 2.50, 2.50, 2.50, 2.50, 2.50, 2.50, 2.50, 2.50, 2.50, 2.50, 2.50
"RIO CALI",1.00, 1.00, 1.00, 1.00, 1.00, 1.00, 1.00, 1.00, 1.00, 1.00, 1.00, 1.00, 1.00, 1.00, 1.00, 1.00, 1.00, 1.00, 1.00, 1.00, 1.00, 1.00, 1.00, 1.00
"RIO FRIO I",0.70, 0.70, 0.70, 0.70, 0.70, 0.70, 0.70, 0.70, 0.70, 0.70, 0.70, 0.70, 0.70, 0.70, 0.70, 0.70, 0.70, 0.70, 0.70, 0.70, 0.70, 0.70, 0.70, 0.70
"RIO FRIO II",7.00, 7.00, 7.00, 6.00, 7.00, 7.00, 7.00, 8.00, 8.00, 7.00, 7.00, 7.00, 7.00, 7.00, 7.00, 7.00, 7.00, 7.00, 7.00, 7.00, 7.00, 7.00, 7.00, 7.00
"RIO GRANDE",0.30, 0.30, 0.30, 0.30, 0.30, 0.30, 0.30, 0.30, 0.30, 0.30, 0.30, 0.30, 0.30, 0.30, 0.30, 0.30, 0.30, 0.30, 0.30, 0.30, 0.30, 0.30, 0.30, 0.30
"RIO MAYO",19.80, 19.80, 19.80, 19.80, 19.80, 19.80, 19.80, 19.80, 19.80, 19.80, 19.80, 19.20, 13.20, 13.20, 13.20, 19.20, 19.80, 19.80, 19.80, 19.80, 19.80, 19.80, 19.80, 19.80
"RIO PALO",1.03, 1.03, 1.01, 1.00, 1.02, 1.01, 1.00, 1.03, 0.97, 0.95, 0.98, 0.99, 0.98, 1.06, 1.07, 1.06, 1.04, 0.98, 1.01, 1.00, 1.03, 1.04, 1.04, 1.04
"RIO PIEDRAS",14.00, 14.00, 14.00, 14.00, 14.00, 14.00, 14.00, 14.00, 16.00, 14.00, 14.00, 14.00, 14.00, 14.00, 14.00, 14.00, 14.00, 14.00, 14.00, 14.00, 14.00, 14.00, 14.00, 14.00
"RIO RECIO",0.48, 0.48, 0.48, 0.48, 0.48, 0.48, 0.48, 0.48, 0.48, 0.48, 0.48, 0.48, 0.48, 0.48, 0.48, 0.48, 0.48, 0.48, 0.48, 0.48, 0.48, 0.48, 0.48, 0.48
"RIO SAPUYES",1.10, 1.10, 1.10, 1.10, 1.10, 1.10, 1.10, 1.10, 1.10, 1.10, 1.10, 1.10, 1.10, 1.10, 1.10, 1.10, 1.10, 1.10, 1.10, 1.10, 1.10, 1.10, 1.10, 1.10
"RIOFRIO (TAMESIS)",0.78, 0.78, 0.78, 0.78, 0.78, 0.78, 0.78, 0.78, 0.78, 0.78, 0.78, 0.78, 0.78, 0.78, 0.78, 0.78, 0.78, 0.78, 0.78, 0.78, 0.78, 0.78, 0.78, 0.78
"RIOGRANDE I",0.00, 0.00, 0.00, 0.00, 0.00, 0.00, 0.00, 0.00, 0.00, 0.00, 0.00, 0.00, 0.00, 0.00, 0.00, 0.00, 0.00, 0.00, 19.00, 19.00, 19.00, 19.00, 0.00, 0.00
"RIONEGRO",9.00, 9.00, 9.00, 9.00, 8.00, 8.00, 8.00, 7.00, 7.00, 8.00, 9.00, 8.00, 8.00, 9.00, 9.00, 9.00, 9.00, 9.00, 8.00, 9.00, 9.00, 9.00, 9.00, 9.00
"ROKRA",0.00, 0.00, 0.00, 0.00, 0.00, 0.01, 0.42, 1.83, 3.77, 5.63, 6.74, 7.82, 8.08, 7.27, 6.16, 4.62, 2.46, 0.51, 0.00, 0.00, 0.00, 0.00, 0.00, 0.00
"ROVIRA",0.00, 0.00, 0.00, 0.00, 0.00, 0.32, 1.60, 2.24, 2.70, 3.00, 3.10, 3.10, 2.50, 2.17, 2.00, 1.26, 0.21, 0.14, 0.00, 0.00, 0.00, 0.00, 0.00, 0.00
"RUMOR",1.20, 1.20, 1.20, 1.20, 1.20, 1.20, 1.20, 1.20, 1.20, 1.20, 1.20, 1.20, 1.20, 1.20, 1.20, 1.20, 1.20, 1.20, 1.20, 1.20, 1.20, 1.20, 1.20, 1.20
"SAJANDI",2.46, 2.46, 2.40, 2.08, 2.43, 2.45, 2.45, 2.47, 2.47, 2.46, 2.52, 2.36, 2.59, 2.54, 2.14, 2.48, 2.48, 2.01, 2.46, 2.44, 2.44, 2.43, 2.29, 2.28
"SALTO II",35.00, 35.00, 35.00, 35.00, 35.00, 35.00, 35.00, 35.00, 35.00, 35.00, 35.00, 35.00, 35.00, 35.00, 35.00, 35.00, 35.00, 35.00, 35.00, 35.00, 35.00, 35.00, 35.00, 35.00
"SALVAJINA",0.00, 0.00, 0.00, 0.00, 0.00, 0.00, 0.00, 0.00, 0.00, 0.00, 0.00, 0.00, 0.00, 0.00, 0.00, 0.00, 0.00, 0.00, 0.00, 0.00, 0.00, 0.00, 0.00, 0.00
"SAN ANDRES DE CUERQUIA",18.00, 18.00, 18.00, 18.00, 18.00, 18.00, 18.00, 16.00, 16.00, 16.00, 14.00, 16.00, 14.00, 14.00, 14.00, 14.00, 14.00, 14.00, 14.00, 14.00, 14.00, 14.00, 14.00, 14.00
"SAN BARTOLOME",16.00, 16.00, 16.00, 16.00, 16.00, 16.00, 16.00, 16.00, 16.00, 16.00, 16.00, 16.00, 16.00, 16.00, 16.00, 16.00, 16.00, 16.00, 16.00, 16.00, 16.00, 16.00, 16.00, 16.00
"SAN CANCIO",0.70, 0.70, 0.70, 0.70, 0.70, 0.70, 0.70, 0.70, 0.70, 0.70, 0.70, 0.70, 0.70, 0.70, 0.70, 0.70, 0.70, 0.70, 0.70, 0.70, 0.70, 0.70, 0.70, 0.70
"SAN CARLOS",564.53, 254.32, 9.13, 0.00, 31.22, 434.13, 268.11, 0.00, 0.00, 0.00, 0.00, 0.00, 0.00, 97.15, 644.25, 930.00, 930.00, 930.00, 930.00, 930.00, 930.00, 930.00, 930.00, 894.61
"SAN FRANCISCO",0.00, 0.00, 0.00, 0.00, 0.00, 0.00, 0.00, 90.00, 90.00, 90.00, 0.00, 0.00, 0.00, 0.00, 0.00, 0.00, 0.00, 0.00, 90.00, 90.00, 90.00, 0.00, 0.00, 0.00
"SAN FRANCISCO (PUTUMAYO)",0.35, 0.35, 0.35, 0.35, 0.35, 0.35, 0.35, 0.35, 0.35, 0.35, 0.35, 0.35, 0.35, 0.35, 0.35, 0.35, 0.35, 0.35, 0.35, 0.35, 0.35, 0.35, 0.35, 0.35
"SAN JOSE",0.00, 0.00, 0.00, 0.00, 0.00, 0.00, 0.00, 0.00, 0.00, 0.00, 0.00, 0.00, 0.00, 0.00, 0.00, 0.00, 0.00, 0.00, 0.00, 0.00, 0.00, 0.00, 0.00, 0.00
"SAN JOSE DE LA MONTAÑA",0.28, 0.28, 0.28, 0.28, 0.28, 0.28, 0.28, 0.28, 0.28, 0.28, 0.28, 0.28, 0.28, 0.28, 0.28, 0.28, 0.28, 0.28, 0.28, 0.28, 0.28, 0.28, 0.28, 0.28
"SAN JOSE DE LA MONTAÑA II",0.00, 0.00, 0.00, 0.00, 0.00, 0.00, 0.00, 0.00, 0.00, 0.00, 0.00, 0.00, 0.00, 0.00, 0.00, 0.00, 0.00, 0.00, 0.00, 0.00, 0.00, 0.00, 0.00, 0.00
"SAN MATIAS",11.52, 11.52, 11.52, 11.52, 11.52, 11.52, 11.52, 11.52, 11.52, 11.52, 11.52, 11.52, 11.52, 11.52, 11.52, 11.52, 11.52, 11.52, 11.52, 11.52, 11.52, 11.52, 11.52, 11.52
"SAN MIGUEL",47.00, 47.00, 47.00, 47.00, 47.00, 47.00, 47.00, 47.00, 47.00, 47.00, 47.00, 47.00, 47.00, 47.00, 47.00, 47.00, 47.00, 47.00, 47.00, 47.00, 47.00, 47.00, 47.00, 47.00
"SAN ONOFRE",0.00, 0.00, 0.00, 0.00, 0.00, 0.01, 0.30, 0.60, 0.60, 0.70, 0.70, 0.80, 0.70, 0.70, 0.70, 0.30, 0.10, 0.05, 0.00, 0.00, 0.00, 0.00, 0.00, 0.00
"SANTA ANA",2.80, 2.80, 2.80, 2.80, 2.80, 2.80, 2.80, 2.80, 2.80, 2.80, 2.80, 2.80, 2.80, 2.80, 2.80, 2.80, 2.80, 2.80, 2.80, 2.80, 2.80, 2.80, 2.80, 2.80
"SANTA RITA",0.48, 0.48, 0.48, 0.48, 0.48, 0.48, 0.48, 0.48, 0.48, 0.48, 0.48, 0.48, 0.48, 0.48, 0.48, 0.48, 0.48, 0.48, 0.48, 0.48, 0.48, 0.48, 0.48, 0.48
"SANTIAGO",0.98, 0.98, 0.98, 0.98, 0.98, 0.98, 0.98, 0.98, 0.98, 0.98, 0.98, 0.98, 0.98, 0.98, 0.98, 0.98, 0.98, 0.98, 0.98, 0.98, 0.98, 0.98, 0.98, 0.98
"SHANGRI LA",0.00, 0.00, 0.00, 0.00, 0.00, 0.00, 14.00, 59.00, 98.00, 118.00, 132.00, 138.00, 138.00, 134.00, 125.00, 115.00, 67.00, 12.00, 0.00, 0.00, 0.00, 0.00, 0.00, 0.00
"SILVIA",0.32, 0.32, 0.32, 0.32, 0.32, 0.32, 0.32, 0.32, 0.31, 0.31, 0.30, 0.29, 0.30, 0.30, 0.31, 0.30, 0.31, 0.30, 0.31, 0.32, 0.32, 0.32, 0.32, 0.32
"SINCE",0.00, 0.00, 0.00, 0.00, 0.00, 0.00, 1.00, 5.00, 14.00, 17.00, 16.00, 16.00, 18.00, 16.00, 17.00, 17.00, 15.00, 5.00, 0.00, 0.00, 0.00, 0.00, 0.00, 0.00
"SOGAMOSO",819.00, 819.00, 819.00, 819.00, 819.00, 819.00, 819.00, 819.00, 819.00, 819.00, 819.00, 819.00, 819.00, 819.00, 819.00, 819.00, 819.00, 819.00, 819.00, 819.00, 819.00, 819.00, 819.00, 819.00
"SOL DE ZAWADY",0.00, 0.00, 0.00, 0.00, 0.00, 0.00, 1.08, 5.80, 8.56, 9.39, 9.18, 7.23, 4.31, 2.83, 2.13, 1.02, 3.08, 1.04, 0.00, 0.00, 0.00, 0.00, 0.00, 0.00
"SOL Y CIELO I",0.00, 0.00, 0.00, 0.00, 0.00, 0.00, 0.15, 1.29, 3.02, 4.30, 5.20, 5.30, 5.72, 5.43, 4.69, 3.77, 1.99, 0.45, 0.00, 0.00, 0.00, 0.00, 0.00, 0.00
"SOL Y CIELO II",0.00, 0.00, 0.00, 0.00, 0.00, 0.00, 0.01, 0.14, 0.32, 0.46, 0.56, 0.59, 0.61, 0.58, 0.50, 0.40, 0.21, 0.05, 0.00, 0.00, 0.00, 0.00, 0.00, 0.00
"SOL Y CIELO III",0.00, 0.00, 0.00, 0.00, 0.00, 0.00, 0.01, 0.10, 0.29, 0.43, 0.53, 0.52, 0.54, 0.55, 0.48, 0.35, 0.20, 0.04, 0.00, 0.00, 0.00, 0.00, 0.00, 0.00
"SOL Y CIELO IV",0.00, 0.00, 0.00, 0.00, 0.00, 0.00, 0.00, 0.10, 0.27, 0.40, 0.53, 0.54, 0.59, 0.58, 0.50, 0.38, 0.22, 0.04, 0.00, 0.00, 0.00, 0.00, 0.00, 0.00
"SOL Y CIELO V",0.00, 0.00, 0.00, 0.00, 0.00, 0.00, 0.01, 0.11, 0.29, 0.42, 0.50, 0.52, 0.51, 0.54, 0.46, 0.33, 0.19, 0.04, 0.00, 0.00, 0.00, 0.00, 0.00, 0.00
"SOL Y CIELO VI",0.00, 0.00, 0.00, 0.00, 0.00, 0.00, 0.01, 0.11, 0.29, 0.42, 0.49, 0.50, 0.50, 0.52, 0.45, 0.33, 0.19, 0.04, 0.00, 0.00, 0.00, 0.00, 0.00, 0.00
"SOL Y CIELO VII",0.00, 0.00, 0.00, 0.00, 0.00, 0.01, 0.30, 0.60, 0.60, 0.70, 0.80, 0.90, 0.80, 0.70, 0.70, 0.30, 0.10, 0.05, 0.00, 0.00, 0.00, 0.00, 0.00, 0.00
"SOLAR ALEJANDRIA",0.00, 0.00, 0.00, 0.00, 0.00, 0.01, 0.03, 0.24, 0.36, 0.51, 0.63, 0.54, 0.61, 0.20, 0.10, 0.00, 0.00, 0.00, 0.00, 0.00, 0.00, 0.00, 0.00, 0.00
"SOLAR ARDOBELA I",0.00, 0.00, 0.00, 0.00, 0.00, 0.00, 1.00, 3.00, 6.00, 7.00, 8.00, 7.00, 7.00, 7.00, 6.00, 4.00, 2.00, 1.00, 0.00, 0.00, 0.00, 0.00, 0.00, 0.00
"SOLAR ARDOBELA II",0.00, 0.00, 0.00, 0.00, 0.00, 0.00, 1.00, 3.00, 6.00, 7.00, 8.00, 7.00, 7.00, 7.00, 6.00, 4.00, 2.00, 1.00, 0.00, 0.00, 0.00, 0.00, 0.00, 0.00
"SOLAR OLD T",0.00, 0.00, 0.00, 0.00, 0.00, 0.00, 0.62, 3.12, 7.48, 8.73, 8.73, 8.73, 8.11, 7.48, 5.61, 2.49, 1.25, 0.00, 0.00, 0.00, 0.00, 0.00, 0.00, 0.00
"SOLAR PALMASECA I",0.00, 0.00, 0.00, 0.00, 0.00, 0.00, 0.00, 1.00, 3.00, 4.00, 5.00, 6.00, 5.00, 5.00, 6.00, 3.00, 3.00, 0.00, 0.00, 0.00, 0.00, 0.00, 0.00, 0.00
"SOLAR PALMASECA II",0.00, 0.00, 0.00, 0.00, 0.00, 0.00, 0.00, 1.00, 2.00, 3.00, 4.00, 5.00, 4.00, 4.00, 5.00, 2.00, 3.00, 0.00, 0.00, 0.00, 0.00, 0.00, 0.00, 0.00
"SOLAR PLANETA RICA",0.00, 0.00, 0.00, 0.00, 0.00, 0.00, 0.00, 0.00, 0.00, 0.00, 0.00, 0.00, 0.00, 0.00, 0.00, 0.00, 0.00, 0.00, 0.00, 0.00, 0.00, 0.00, 0.00, 0.00
"SOLAR PN I",0.00, 0.00, 0.00, 0.00, 0.00, 0.00, 0.67, 3.34, 8.01, 9.34, 9.34, 9.34, 8.67, 8.01, 6.00, 2.67, 1.33, 0.00, 0.00, 0.00, 0.00, 0.00, 0.00, 0.00
"SONSON",9.70, 9.70, 9.70, 9.70, 9.70, 9.70, 9.70, 9.70, 9.70, 9.70, 9.70, 9.70, 9.70, 9.70, 9.70, 9.70, 9.70, 9.70, 9.70, 9.70, 9.70, 9.70, 9.70, 9.70
"SUBA",1.90, 1.90, 1.90, 1.90, 1.90, 1.90, 1.90, 1.90, 1.90, 1.90, 1.90, 1.90, 1.90, 1.90, 1.90, 1.90, 1.90, 1.90, 1.90, 1.90, 1.90, 1.90, 1.90, 1.90
"SUEVA 2",5.00, 5.00, 5.00, 5.00, 5.00, 5.00, 5.00, 5.00, 5.00, 5.00, 5.00, 5.00, 5.00, 5.00, 5.00, 5.00, 5.00, 5.00, 5.00, 5.00, 5.00, 5.00, 5.00, 5.00
"SUNNORTE",0.00, 0.00, 0.00, 0.00, 0.00, 0.00, 2.00, 9.00, 17.00, 23.00, 26.00, 25.00, 22.00, 17.00, 13.00, 10.00, 6.00, 1.00, 0.00, 0.00, 0.00, 0.00, 0.00, 0.00
"TASAJERO 1",165.00, 165.00, 165.00, 165.00, 165.00, 165.00, 165.00, 165.00, 165.00, 165.00, 165.00, 165.00, 165.00, 165.00, 165.00, 165.00, 165.00, 165.00, 165.00, 165.00, 165.00, 165.00, 165.00, 165.00
"TASAJERO 2",170.00, 170.00, 170.00, 170.00, 170.00, 170.00, 170.00, 170.00, 170.00, 170.00, 170.00, 170.00, 170.00, 170.00, 170.00, 170.00, 170.00, 170.00, 170.00, 170.00, 170.00, 170.00, 170.00, 170.00
"TEBSAB CC",0.00, 0.00, 0.00, 0.00, 0.00, 0.00, 0.00, 0.00, 0.00, 0.00, 0.00, 0.00, 0.00, 0.00, 0.00, 0.00, 0.00, 0.00, 0.00, 0.00, 0.00, 0.00, 0.00, 0.00
"TEQUENDAMA 1",0.00, 0.00, 0.00, 0.00, 0.00, 0.00, 0.00, 0.00, 0.00, 0.00, 0.00, 0.00, 0.00, 0.00, 0.00, 0.00, 0.00, 0.00, 0.00, 0.00, 0.00, 0.00, 0.00, 0.00
"TEQUENDAMA 2",6.00, 6.00, 6.00, 6.00, 6.00, 6.00, 6.00, 6.00, 6.00, 6.00, 6.00, 6.00, 6.00, 6.00, 6.00, 6.00, 6.00, 6.00, 6.00, 6.00, 6.00, 6.00, 6.00, 6.00
"TEQUENDAMA 3",0.00, 0.00, 0.00, 0.00, 0.00, 0.00, 0.00, 0.00, 0.00, 0.00, 0.00, 0.00, 0.00, 0.00, 0.00, 0.00, 0.00, 0.00, 0.00, 0.00, 0.00, 0.00, 0.00, 0.00
"TEQUENDAMA 4",0.00, 0.00, 0.00, 0.00, 0.00, 0.00, 0.00, 0.00, 0.00, 0.00, 0.00, 0.00, 0.00, 0.00, 0.00, 0.00, 0.00, 0.00, 0.00, 0.00, 0.00, 0.00, 0.00, 0.00
"TEQUENDAMA BIOGAS",0.00, 0.00, 0.00, 0.00, 0.00, 0.00, 0.00, 0.00, 0.00, 0.00, 0.00, 0.00, 0.00, 0.00, 0.00, 0.00, 0.00, 0.00, 0.00, 0.00, 0.00, 0.00, 0.00, 0.00
"TERMOBOLIVAR",0.00, 0.00, 0.00, 0.00, 0.00, 0.00, 0.00, 0.00, 0.00, 0.00, 0.00, 0.00, 0.00, 0.00, 0.00, 0.00, 0.00, 0.00, 0.00, 0.00, 0.00, 0.00, 0.00, 0.00
"TERMOCANDELARIA CC",0.00, 0.00, 0.00, 0.00, 0.00, 0.00, 0.00, 0.00, 0.00, 0.00, 0.00, 0.00, 0.00, 0.00, 0.00, 0.00, 0.00, 0.00, 256.57, 440.78, 260.72, 0.00, 0.00, 0.00
"TERMOCAPACHOS",0.00, 0.00, 0.00, 0.00, 0.00, 0.00, 0.00, 0.00, 0.00, 0.00, 0.00, 0.00, 0.00, 0.00, 0.00, 0.00, 0.00, 0.00, 0.00, 0.00, 0.00, 0.00, 0.00, 0.00
"TERMOCARIBE III",0.00, 0.00, 0.00, 0.00, 0.00, 0.00, 0.00, 0.00, 0.00, 0.00, 0.00, 0.00, 0.00, 0.00, 0.00, 0.00, 0.00, 0.00, 0.00, 0.00, 0.00, 0.00, 0.00, 0.00
"TERMOCENTRO CC",0.00, 0.00, 0.00, 0.00, 0.00, 0.00, 0.00, 0.00, 0.00, 0.00, 0.00, 0.00, 0.00, 0.00, 0.00, 0.00, 0.00, 0.00, 0.00, 0.00, 0.00, 0.00, 0.00, 0.00
"TERMODORADA 1",0.00, 0.00, 0.00, 0.00, 0.00, 0.00, 0.00, 0.00, 0.00, 0.00, 0.00, 0.00, 0.00, 0.00, 0.00, 0.00, 0.00, 0.00, 0.00, 0.00, 0.00, 0.00, 0.00, 0.00
"TERMOEMCALI CC",0.00, 0.00, 0.00, 0.00, 0.00, 0.00, 0.00, 0.00, 0.00, 0.00, 0.00, 0.00, 0.00, 0.00, 0.00, 0.00, 0.00, 0.00, 0.00, 0.00, 0.00, 0.00, 0.00, 0.00
"TERMOFENIX I",0.00, 0.00, 0.00, 0.00, 0.00, 0.00, 0.00, 0.00, 0.00, 0.00, 0.00, 0.00, 0.00, 0.00, 0.00, 0.00, 0.00, 0.00, 0.00, 0.00, 0.00, 0.00, 0.00, 0.00
"TERMOMECHERO 4",0.00, 0.00, 0.00, 0.00, 0.00, 0.00, 0.00, 0.00, 0.00, 0.00, 0.00, 0.00, 0.00, 0.00, 0.00, 0.00, 0.00, 0.00, 0.00, 0.00, 0.00, 0.00, 0.00, 0.00
"TERMOMECHERO 5",0.00, 0.00, 0.00, 0.00, 0.00, 0.00, 0.00, 0.00, 0.00, 0.00, 0.00, 0.00, 0.00, 0.00, 0.00, 0.00, 0.00, 0.00, 0.00, 0.00, 0.00, 0.00, 0.00, 0.00
"TERMOMECHERO 6",0.00, 0.00, 0.00, 0.00, 0.00, 0.00, 0.00, 0.00, 0.00, 0.00, 0.00, 0.00, 0.00, 0.00, 0.00, 0.00, 0.00, 0.00, 0.00, 0.00, 0.00, 0.00, 0.00, 0.00
"TERMONORTE",0.00, 0.00, 0.00, 0.00, 0.00, 0.00, 0.00, 0.00, 0.00, 0.00, 0.00, 0.00, 0.00, 0.00, 0.00, 0.00, 0.00, 0.00, 0.00, 0.00, 0.00, 0.00, 0.00, 0.00
"TERMOPIEDRAS",3.75, 3.75, 3.75, 3.75, 3.75, 3.75, 3.75, 3.75, 3.75, 3.75, 3.75, 3.75, 3.75, 3.75, 3.75, 3.75, 3.75, 3.75, 3.75, 3.75, 3.75, 3.75, 3.75, 3.75
"TERMOSARAVENA",0.00, 0.00, 0.00, 0.00, 0.00, 0.00, 0.00, 0.00, 0.00, 0.00, 0.00, 0.00, 0.00, 0.00, 0.00, 0.00, 0.00, 0.00, 0.00, 0.00, 0.00, 0.00, 0.00, 0.00
"TERMOSIERRA CC",0.00, 0.00, 0.00, 0.00, 0.00, 0.00, 0.00, 0.00, 0.00, 0.00, 0.00, 0.00, 0.00, 0.00, 0.00, 0.00, 0.00, 0.00, 0.00, 0.00, 0.00, 0.00, 0.00, 0.00
"TERMOTASAJERO DOS SOLAR",0.00, 0.00, 0.00, 0.00, 0.00, 0.00, 0.30, 0.50, 1.70, 2.70, 3.40, 3.40, 3.40, 3.40, 2.70, 1.70, 0.40, 0.20, 0.00, 0.00, 0.00, 0.00, 0.00, 0.00
"TERMOVALLE CC",0.00, 0.00, 0.00, 0.00, 0.00, 0.00, 0.00, 0.00, 0.00, 0.00, 0.00, 0.00, 0.00, 0.00, 0.00, 0.00, 0.00, 0.00, 0.00, 0.00, 0.00, 0.00, 0.00, 0.00
"TERMOYOPAL 1",8.00, 8.00, 8.00, 8.00, 8.00, 8.00, 8.00, 8.00, 8.00, 8.00, 8.00, 8.00, 8.00, 8.00, 8.00, 8.00, 8.00, 8.00, 8.00, 8.00, 8.00, 8.00, 8.00, 8.00
"TERMOYOPAL 2",27.00, 27.00, 27.00, 27.00, 27.00, 27.00, 27.00, 27.00, 27.00, 27.00, 26.00, 26.00, 26.00, 26.00, 26.00, 26.00, 26.00, 27.00, 27.00, 27.00, 27.00, 27.00, 27.00, 27.00
"TERMOYOPAL G3",0.00, 0.00, 0.00, 0.00, 0.00, 0.00, 0.00, 0.00, 0.00, 0.00, 0.00, 0.00, 0.00, 0.00, 0.00, 0.00, 0.00, 0.00, 0.00, 0.00, 0.00, 0.00, 0.00, 0.00
"TERMOYOPAL G4",0.00, 0.00, 0.00, 0.00, 0.00, 0.00, 0.00, 0.00, 0.00, 0.00, 0.00, 0.00, 0.00, 0.00, 0.00, 0.00, 0.00, 0.00, 0.00, 0.00, 0.00, 0.00, 0.00, 0.00
"TERMOYOPAL G5",0.00, 0.00, 0.00, 0.00, 0.00, 0.00, 0.00, 0.00, 0.00, 0.00, 0.00, 0.00, 0.00, 0.00, 0.00, 0.00, 0.00, 0.00, 0.00, 0.00, 0.00, 0.00, 0.00, 0.00
"TESORITO",0.00, 0.00, 0.00, 0.00, 0.00, 0.00, 0.00, 0.00, 0.00, 0.00, 0.00, 0.00, 0.00, 0.00, 0.00, 0.00, 0.00, 0.00, 0.00, 0.00, 0.00, 0.00, 0.00, 0.00
"TIERRA LINDA",0.00, 0.00, 0.00, 0.00, 0.00, 0.00, 1.00, 2.00, 3.00, 4.00, 9.00, 9.00, 9.00, 9.00, 6.00, 6.00, 6.00, 2.00, 1.00, 0.00, 0.00, 0.00, 0.00, 0.00
"TRINA-VATIA BSLI",0.00, 0.00, 0.00, 0.00, 0.00, 0.00, 3.11, 6.93, 10.12, 11.68, 11.19, 10.67, 12.55, 11.20, 10.17, 7.06, 4.52, 0.00, 0.00, 0.00, 0.00, 0.00, 0.00, 0.00
"TRINA-VATIA BSLII",0.00, 0.00, 0.00, 0.00, 0.00, 0.00, 3.11, 6.93, 10.12, 11.68, 11.19, 10.67, 12.55, 11.20, 10.17, 7.06, 4.52, 0.00, 0.00, 0.00, 0.00, 0.00, 0.00, 0.00
"TRINA-VATIA BSLIII",0.00, 0.00, 0.00, 0.00, 0.00, 0.00, 3.11, 6.93, 10.12, 11.68, 11.19, 10.67, 12.55, 11.20, 10.17, 7.06, 4.52, 0.00, 0.00, 0.00, 0.00, 0.00, 0.00, 0.00
"TUNJITA",19.00, 19.00, 19.00, 19.00, 19.00, 19.00, 19.00, 19.00, 19.00, 19.00, 19.00, 19.00, 19.00, 19.00, 19.00, 19.00, 19.00, 19.00, 19.00, 19.00, 19.00, 19.00, 19.00, 19.00
"TZ II",0.00, 0.00, 0.00, 0.00, 0.00, 0.00, 0.00, 0.00, 0.00, 0.00, 0.00, 0.00, 0.00, 0.00, 0.00, 0.00, 0.00, 0.00, 0.00, 0.00, 0.00, 0.00, 0.00, 0.00
"UNION",0.60, 0.60, 0.60, 0.60, 0.60, 0.60, 0.60, 0.60, 0.60, 0.60, 0.60, 0.60, 0.60, 0.60, 0.60, 0.60, 0.60, 0.60, 0.60, 0.60, 0.60, 0.60, 0.60, 0.00
"URRA",146.00, 146.00, 146.00, 146.00, 146.00, 146.00, 146.00, 146.00, 64.55, 0.00, 0.00, 127.20, 128.78, 146.00, 146.00, 146.00, 216.00, 216.00, 216.00, 216.00, 216.00, 216.00, 216.00, 146.00
"URRAO",0.40, 0.40, 0.40, 0.40, 0.40, 0.40, 0.40, 0.40, 0.40, 0.40, 0.40, 0.40, 0.40, 0.40, 0.40, 0.40, 0.40, 0.40, 0.40, 0.40, 0.40, 0.40, 0.40, 0.40
"URUACO",0.00, 0.00, 0.00, 0.00, 0.00, 0.01, 0.30, 0.60, 0.60, 0.70, 0.70, 0.80, 0.70, 0.70, 0.70, 0.30, 0.01, 0.05, 0.00, 0.00, 0.00, 0.00, 0.00, 0.00
"USAQUEN",0.40, 0.40, 0.40, 0.40, 0.40, 0.40, 0.40, 0.40, 0.40, 0.40, 0.40, 0.40, 0.40, 0.40, 0.40, 0.40, 0.40, 0.40, 0.40, 0.40, 0.40, 0.40, 0.40, 0.40
"VALLEDUPAR I",0.00, 0.00, 0.00, 0.00, 0.00, 0.00, 2.00, 5.00, 6.00, 11.00, 11.00, 11.00, 11.00, 11.00, 10.00, 6.00, 2.00, 1.00, 0.00, 0.00, 0.00, 0.00, 0.00, 0.00
"VALLEDUPAR II",0.00, 0.00, 0.00, 0.00, 0.00, 0.00, 1.00, 4.00, 4.00, 9.00, 10.00, 11.00, 11.00, 11.00, 9.00, 4.00, 1.00, 0.00, 0.00, 0.00, 0.00, 0.00, 0.00, 0.00
"VALLEDUPAR III",0.00, 0.00, 0.00, 0.00, 0.00, 0.00, 0.00, 1.00, 2.00, 3.00, 9.00, 9.00, 9.00, 9.00, 9.00, 3.00, 2.00, 1.00, 0.00, 0.00, 0.00, 0.00, 0.00, 0.00
"VENTANA A",2.50, 2.50, 2.50, 2.50, 2.50, 2.50, 2.50, 2.50, 2.50, 2.50, 2.50, 2.50, 2.50, 2.50, 2.50, 2.50, 2.50, 2.50, 2.50, 2.50, 2.50, 2.50, 2.50, 2.50
"VENTANA B",0.00, 0.00, 0.00, 0.00, 0.00, 0.00, 0.00, 0.00, 0.00, 0.00, 0.00, 0.00, 0.00, 0.00, 0.00, 0.00, 0.00, 0.00, 0.00, 0.00, 0.00, 0.00, 0.00, 0.00
"VILLANUEVA",0.00, 0.00, 0.00, 0.00, 0.00, 0.00, 0.00, 0.00, 0.00, 0.00, 0.00, 0.00, 0.00, 0.00, 0.00, 0.00, 0.00, 0.00, 0.00, 0.00, 0.00, 0.00, 0.00, 0.00
"ZAMBRANO II",0.00, 0.00, 0.00, 0.00, 0.00, 0.39, 3.26, 8.60, 11.66, 13.18, 13.87, 14.00, 13.38, 12.91, 9.88, 2.39, 0.40, 0.00, 0.00, 0.00, 0.00, 0.00, 0.00, 0.00
"ZEUS",5.60, 5.60, 5.60, 5.60, 5.60, 5.60, 5.60, 5.60, 5.60, 5.60, 5.60, 5.60, 5.60, 5.60, 5.60, 5.60, 5.60, 5.60, 5.60, 5.60, 5.60, 5.60, 5.60, 5.60
"ZIPAEMG 2",34.00, 34.00, 34.00, 0.00, 34.00, 34.00, 34.00, 0.00, 0.00, 0.00, 0.00, 0.00, 0.00, 34.00, 34.00, 34.00, 34.00, 34.00, 34.00, 34.00, 34.00, 34.00, 34.00, 34.00
"ZIPAEMG 3",60.00, 60.00, 60.00, 49.94, 60.00, 60.00, 60.00, 60.00, 0.00, 0.00, 0.00, 0.00, 0.00, 60.00, 60.00, 60.00, 60.00, 60.00, 60.00, 60.00, 60.00, 60.00, 60.00, 60.00
"ZIPAEMG 4",64.00, 64.00, 64.00, 0.00, 64.00, 64.00, 64.00, 44.86, 0.00, 0.00, 0.00, 0.00, 0.00, 64.00, 64.00, 64.00, 64.00, 64.00, 64.00, 64.00, 64.00, 64.00, 64.00, 64.00
"ZIPAEMG 5",63.00, 63.00, 63.00, 63.00, 63.00, 63.00, 63.00, 63.00, 63.00, 0.00, 0.00, 63.00, 63.00, 63.00, 63.00, 63.00, 63.00, 63.00, 63.00, 63.00, 63.00, 63.00, 63.00, 63.00
