"AGUA FRESCA",6.58, 6.58, 6.58, 6.58, 6.58, 6.58, 6.58, 6.58, 6.58, 6.58, 6.58, 6.58, 6.58, 6.58, 6.58, 6.58, 6.58, 6.58, 6.58, 6.58, 6.58, 6.58, 6.58, 6.58
"ALBAN",270.00, 270.00, 66.43, 0.00, 41.12, 270.00, 96.58, 0.00, 0.00, 0.00, 0.00, 191.21, 171.65, 270.00, 270.00, 270.00, 270.00, 270.00, 270.00, 270.00, 270.00, 270.00, 270.00, 270.00
"ALEJANDRIA",5.19, 5.19, 5.19, 5.19, 5.19, 5.19, 5.19, 5.19, 5.19, 5.19, 5.19, 5.19, 5.19, 5.19, 5.19, 5.19, 5.19, 5.19, 5.19, 5.19, 5.19, 5.19, 5.19, 5.19
"ALMA II",0.00, 0.00, 0.00, 0.00, 0.00, 0.00, 0.90, 3.90, 6.30, 8.10, 9.80, 8.40, 8.10, 8.00, 6.60, 4.50, 1.00, 0.10, 0.00, 0.00, 0.00, 0.00, 0.00, 0.00
"ALTO TULUA",4.00, 4.00, 4.00, 4.00, 4.00, 4.00, 4.00, 4.00, 4.00, 4.00, 4.00, 4.00, 4.00, 4.00, 4.00, 4.00, 4.00, 4.00, 4.00, 4.00, 4.00, 4.00, 4.00, 4.00
"AMAIME",0.00, 0.00, 0.00, 0.00, 0.00, 0.00, 0.00, 0.00, 0.00, 0.00, 0.00, 0.00, 0.00, 0.00, 0.00, 0.00, 0.00, 0.00, 0.00, 0.00, 0.00, 0.00, 0.00, 0.00
"AMALFI",0.45, 0.45, 0.45, 0.45, 0.45, 0.45, 0.45, 0.45, 0.45, 0.45, 0.45, 0.45, 0.45, 0.45, 0.45, 0.45, 0.45, 0.45, 0.45, 0.45, 0.45, 0.45, 0.45, 0.45
"AMERICA",0.00, 0.00, 0.00, 0.00, 0.00, 0.00, 0.00, 0.00, 0.00, 0.00, 0.00, 0.00, 0.00, 0.00, 0.00, 0.00, 0.00, 0.00, 0.00, 0.00, 0.00, 0.00, 0.00, 0.00
"AMOYA LA ESPERANZA",75.00, 75.00, 75.00, 75.00, 75.00, 75.00, 75.00, 75.00, 75.00, 75.00, 75.00, 75.00, 75.00, 75.00, 75.00, 75.00, 75.00, 75.00, 75.00, 75.00, 75.00, 75.00, 75.00, 75.00
"ASNAZU",0.45, 0.45, 0.45, 0.45, 0.45, 0.45, 0.44, 0.45, 0.44, 0.43, 0.43, 0.43, 0.43, 0.42, 0.42, 0.42, 0.42, 0.42, 0.43, 0.44, 0.45, 0.44, 0.45, 0.45
"ATLANTICO",0.00, 0.00, 0.00, 0.00, 0.00, 0.00, 146.00, 146.00, 146.00, 146.00, 146.00, 146.00, 146.00, 146.00, 146.00, 146.00, 146.00, 146.00, 0.00, 0.00, 0.00, 0.00, 0.00, 0.00
"AURES BAJO",9.50, 9.50, 9.50, 9.00, 9.00, 9.00, 9.00, 9.00, 8.00, 8.00, 8.00, 8.00, 8.00, 8.00, 8.00, 8.00, 9.00, 9.00, 9.00, 9.00, 9.00, 9.00, 9.00, 9.00
"AUTOG ARGOS EL CAIRO",6.50, 6.50, 6.50, 6.50, 6.50, 6.50, 6.50, 6.50, 6.50, 6.50, 6.50, 6.50, 6.50, 6.50, 6.50, 6.50, 6.50, 6.50, 6.50, 6.50, 6.50, 6.50, 6.50, 6.50
"AUTOG ARGOS SOGAMOSO",7.50, 7.50, 7.50, 7.50, 7.50, 7.50, 7.50, 7.50, 7.50, 7.50, 7.50, 7.50, 7.50, 7.50, 7.50, 7.50, 7.50, 7.50, 7.50, 7.50, 7.50, 7.50, 7.50, 7.50
"AUTOG ARGOS YUMBO",0.00, 0.00, 0.00, 0.00, 0.00, 0.00, 0.00, 0.00, 0.00, 0.00, 0.00, 0.00, 0.00, 0.00, 0.00, 0.00, 0.00, 0.00, 0.00, 0.00, 0.00, 0.00, 0.00, 0.00
"AUTOG AYURA",10.10, 10.10, 10.10, 10.10, 10.10, 10.10, 10.10, 10.10, 10.10, 10.10, 10.10, 10.10, 10.10, 10.10, 10.10, 10.10, 10.70, 10.70, 10.70, 10.70, 10.70, 10.70, 10.70, 10.70
"AUTOG BIODIANA",0.45, 0.45, 0.45, 0.45, 0.45, 0.45, 0.45, 0.45, 0.45, 0.45, 0.45, 0.45, 0.45, 0.45, 0.45, 0.45, 0.45, 0.45, 0.45, 0.45, 0.45, 0.45, 0.45, 0.52
"AUTOG BIOS CIENAGA ORO",0.00, 0.00, 0.00, 0.00, 0.00, 0.00, 0.00, 0.00, 0.00, 0.00, 0.00, 0.00, 0.00, 0.00, 0.00, 0.00, 0.00, 0.00, 0.00, 0.00, 0.00, 0.00, 0.00, 0.00
"AUTOG BIOS CONTEGRAL CARTAGO",0.00, 0.00, 0.00, 0.00, 0.00, 0.00, 0.00, 0.00, 0.00, 0.00, 0.00, 0.00, 0.00, 0.00, 0.00, 0.00, 0.00, 0.00, 0.00, 0.00, 0.00, 0.00, 0.00, 0.00
"AUTOG BIOS CONTEGRAL NEIVA",0.00, 0.00, 0.00, 0.00, 0.00, 0.00, 0.00, 0.00, 0.00, 0.00, 0.00, 0.00, 0.00, 0.00, 0.00, 0.00, 0.00, 0.00, 0.00, 0.00, 0.00, 0.00, 0.00, 0.00
"AUTOG BIOS FINCA BUGA",0.00, 0.00, 0.00, 0.00, 0.00, 0.00, 0.00, 0.00, 0.00, 0.00, 0.00, 0.00, 0.00, 0.00, 0.00, 0.00, 0.00, 0.00, 0.00, 0.00, 0.00, 0.00, 0.00, 0.00
"AUTOG BUGA I GRASAS",0.00, 0.00, 0.00, 0.00, 0.00, 0.00, 0.00, 0.00, 0.00, 0.00, 0.00, 1.00, 1.00, 0.00, 0.00, 0.00, 0.00, 0.00, 0.00, 0.00, 0.00, 0.00, 0.00, 0.00
"AUTOG BUGA I SOLLA",0.00, 0.00, 0.00, 0.00, 0.00, 0.00, 0.00, 0.00, 0.00, 1.00, 2.00, 3.00, 2.00, 1.00, 0.00, 0.00, 0.00, 0.00, 0.00, 0.00, 0.00, 0.00, 0.00, 0.00
"AUTOG CANTAYUS",3.24, 3.22, 3.22, 3.22, 3.22, 3.22, 3.04, 2.94, 2.96, 3.20, 3.16, 3.24, 3.24, 3.18, 3.06, 2.98, 2.88, 3.34, 3.12, 3.30, 3.44, 3.20, 3.10, 3.06
"AUTOG CARVAJAL GINEBRA",0.00, 0.00, 0.00, 0.00, 0.00, 0.00, 0.00, 0.00, 0.00, 0.01, 0.10, 0.16, 0.09, 0.13, 0.03, 0.00, 0.00, 0.00, 0.00, 0.00, 0.00, 0.00, 0.00, 0.00
"AUTOG CELSIA SOLAR ESCOBAL CEMEX",0.00, 0.00, 0.00, 0.00, 0.00, 0.00, 0.00, 0.00, 0.00, 0.00, 0.00, 0.00, 0.00, 0.00, 0.00, 0.00, 0.00, 0.00, 0.00, 0.00, 0.00, 0.00, 0.00, 0.00
"AUTOG CELSIA SOLAR ESPINAL",0.00, 0.00, 0.00, 0.00, 0.00, 0.00, 0.00, 1.00, 4.00, 6.00, 6.00, 6.00, 6.00, 5.00, 3.00, 3.00, 0.00, 0.00, 0.00, 0.00, 0.00, 0.00, 0.00, 0.00
"AUTOG CELSIA SOLAR HARINAS",0.00, 0.00, 0.00, 0.00, 0.00, 0.00, 0.00, 0.00, 0.00, 1.00, 1.00, 1.00, 1.00, 1.00, 0.00, 0.00, 0.00, 0.00, 0.00, 0.00, 0.00, 0.00, 0.00, 0.00
"AUTOG CELSIA SOLAR LEVAPAN",0.00, 0.00, 0.00, 0.00, 0.00, 0.00, 0.00, 0.00, 0.00, 1.00, 2.00, 3.00, 2.00, 2.00, 1.00, 0.00, 0.00, 0.00, 0.00, 0.00, 0.00, 0.00, 0.00, 0.00
"AUTOG CELSIA SOLAR PALMIRA 3",0.00, 0.00, 0.00, 0.00, 0.00, 0.00, 0.00, 0.00, 0.00, 0.00, 0.00, 1.00, 1.00, 1.00, 0.00, 0.00, 0.00, 0.00, 0.00, 0.00, 0.00, 0.00, 0.00, 0.00
"AUTOG CELSIA SOLAR PALMIRA 3 ZONA FRANCA",0.00, 0.00, 0.00, 0.00, 0.00, 0.00, 0.00, 0.00, 0.00, 0.00, 0.00, 0.00, 0.00, 0.00, 0.00, 0.00, 0.00, 0.00, 0.00, 0.00, 0.00, 0.00, 0.00, 0.00
"AUTOG CELSIA SOLAR TQ JAMUNDI",0.00, 0.00, 0.00, 0.00, 0.00, 0.00, 0.00, 0.00, 0.00, 0.00, 0.00, 0.00, 0.00, 0.00, 0.00, 0.00, 0.00, 0.00, 0.00, 0.00, 0.00, 0.00, 0.00, 0.00
"AUTOG CELSIA SOLAR TQ TECNOSUR",0.00, 0.00, 0.00, 0.00, 0.00, 0.00, 0.00, 1.00, 2.00, 3.00, 4.00, 4.00, 4.00, 4.00, 4.00, 3.00, 2.00, 1.00, 0.00, 0.00, 0.00, 0.00, 0.00, 0.00
"AUTOG CELSIA SOLAR YUMBO",0.00, 0.00, 0.00, 0.00, 0.00, 0.00, 0.00, 0.00, 0.00, 1.00, 2.00, 2.00, 2.00, 1.00, 0.00, 0.00, 0.00, 0.00, 0.00, 0.00, 0.00, 0.00, 0.00, 0.00
"AUTOG CEMENTOS DEL NARE",7.50, 7.50, 7.50, 7.50, 7.50, 3.80, 3.80, 3.80, 3.80, 3.80, 3.80, 3.80, 3.80, 3.80, 3.80, 3.80, 6.20, 6.20, 6.20, 6.20, 6.20, 6.20, 7.50, 7.50
"AUTOG CI JEANS",0.00, 0.00, 0.00, 0.00, 0.00, 0.00, 0.01, 0.03, 0.16, 0.35, 0.52, 0.51, 0.46, 0.42, 0.46, 0.35, 0.21, 0.07, 0.01, 0.00, 0.00, 0.00, 0.00, 0.00
"AUTOG COCA-COLA FEMSA",0.40, 0.40, 0.40, 0.40, 0.40, 0.40, 0.40, 0.40, 0.40, 0.40, 0.40, 0.40, 0.40, 0.40, 0.40, 0.40, 0.40, 0.40, 0.40, 0.40, 0.40, 0.40, 0.40, 0.40
"AUTOG COMOLSA",0.00, 0.00, 0.00, 0.00, 0.00, 0.00, 0.00, 0.00, 0.00, 0.00, 1.00, 1.00, 1.00, 0.00, 0.00, 0.00, 0.00, 0.00, 0.00, 0.00, 0.00, 0.00, 0.00, 0.00
"AUTOG CORONA SOPO",0.00, 0.00, 0.00, 0.00, 0.00, 0.00, 0.00, 0.00, 0.00, 0.00, 0.03, 0.02, 0.02, 0.02, 0.01, 0.00, 0.00, 0.00, 0.00, 0.00, 0.00, 0.00, 0.00, 0.00
"AUTOG CORPACERO",0.00, 0.00, 0.00, 0.00, 0.00, 0.00, 0.00, 0.00, 0.00, 0.00, 0.00, 0.00, 0.00, 0.00, 0.00, 0.00, 0.00, 0.00, 0.00, 0.00, 0.00, 0.00, 0.00, 0.00
"AUTOG ECOPETROL ORITO",1.00, 1.00, 1.00, 1.00, 1.00, 1.00, 1.00, 1.00, 1.00, 1.00, 1.00, 1.00, 1.00, 1.00, 1.00, 1.00, 1.00, 1.00, 1.00, 1.00, 1.00, 1.00, 1.00, 1.00
"AUTOG EL COPEY",0.00, 0.00, 0.00, 0.00, 0.00, 0.00, 0.90, 2.40, 4.10, 5.20, 6.10, 5.80, 5.80, 4.90, 4.00, 2.80, 1.40, 0.30, 0.00, 0.00, 0.00, 0.00, 0.00, 0.00
"AUTOG GOLOSINAS TRULULU",3.30, 3.30, 3.30, 3.30, 3.30, 3.30, 3.30, 3.30, 3.30, 3.30, 3.30, 3.30, 3.30, 3.30, 3.30, 3.30, 3.30, 3.30, 3.30, 3.30, 3.30, 3.30, 3.30, 3.30
"AUTOG GRAN COLOMBIA GOLD",0.00, 0.00, 0.00, 0.00, 0.00, 0.00, 0.00, 0.00, 0.00, 0.00, 0.00, 0.00, 0.00, 0.00, 0.00, 0.00, 0.00, 0.00, 0.00, 0.00, 0.00, 0.00, 0.00, 0.00
"AUTOG HIDROSOLAR I",0.00, 0.00, 0.00, 0.00, 0.00, 0.00, 0.00, 0.05, 1.76, 2.35, 3.53, 4.58, 4.63, 4.48, 4.46, 3.97, 2.23, 0.20, 0.00, 0.00, 0.00, 0.00, 0.00, 0.00
"AUTOG INGENIO CARMELITA",3.00, 3.00, 3.00, 3.00, 3.00, 3.00, 3.00, 3.00, 3.00, 3.00, 3.00, 3.00, 3.00, 3.00, 3.00, 3.00, 3.00, 3.00, 3.00, 3.00, 3.00, 3.00, 3.00, 3.00
"AUTOG INGENIO MARIA LUISA",0.20, 0.20, 0.20, 0.20, 0.20, 0.20, 0.20, 0.20, 0.20, 0.20, 0.20, 0.20, 0.20, 0.20, 0.20, 0.20, 0.20, 0.20, 0.20, 0.20, 0.20, 0.20, 0.20, 0.20
"AUTOG LOS POCITOS",1.80, 1.80, 1.80, 1.80, 1.80, 1.80, 1.80, 1.80, 1.80, 1.80, 1.80, 1.80, 1.80, 1.80, 1.80, 1.80, 1.80, 1.80, 1.80, 1.80, 1.80, 1.80, 1.80, 1.80
"AUTOG MILPA SAN CARLOS",0.00, 0.00, 0.00, 0.00, 0.00, 0.00, 0.03, 0.17, 0.27, 0.28, 0.45, 0.59, 0.40, 0.46, 0.29, 0.17, 0.11, 0.01, 0.00, 0.00, 0.00, 0.00, 0.00, 0.00
"AUTOG MOLINOS SANTA MARTA",0.00, 0.00, 0.00, 0.00, 0.00, 0.00, 0.00, 0.00, 0.00, 1.00, 1.00, 2.00, 1.00, 1.00, 0.00, 0.00, 0.00, 0.00, 0.00, 0.00, 0.00, 0.00, 0.00, 0.00
"AUTOG PALMERAS DE LA COSTA",0.00, 0.00, 0.00, 0.00, 0.00, 0.00, 0.00, 0.00, 0.00, 0.00, 0.00, 0.00, 0.00, 0.00, 0.00, 0.00, 0.00, 0.00, 0.00, 0.00, 0.00, 0.00, 0.00, 0.00
"AUTOG PINTUCO",0.00, 0.00, 0.00, 0.00, 0.00, 0.00, 0.00, 0.01, 0.03, 0.05, 0.09, 0.10, 0.15, 0.16, 0.15, 0.10, 0.03, 0.01, 0.00, 0.00, 0.00, 0.00, 0.00, 0.00
"AUTOG PTAR BELLO",0.00, 0.00, 0.30, 0.60, 0.70, 0.70, 0.90, 0.40, 0.40, 0.38, 0.38, 0.38, 0.38, 0.38, 0.00, 0.00, 0.00, 0.00, 0.00, 0.00, 0.00, 0.00, 0.00, 0.00
"AUTOG QBCO",0.00, 0.00, 0.00, 0.00, 0.00, 0.00, 0.00, 0.00, 0.00, 1.00, 1.00, 2.00, 1.00, 1.00, 0.00, 0.00, 0.00, 0.00, 0.00, 0.00, 0.00, 0.00, 0.00, 0.00
"AUTOG REFICAR",2.00, 2.00, 2.00, 2.00, 2.00, 2.00, 2.00, 2.00, 2.00, 2.00, 2.00, 2.00, 2.00, 2.00, 2.00, 2.00, 2.00, 2.00, 2.00, 2.00, 2.00, 2.00, 2.00, 2.00
"AUTOG SOLAR AYACUCHO",0.00, 0.00, 0.00, 0.00, 0.00, 0.00, 0.00, 0.00, 0.00, 0.00, 0.00, 0.00, 0.00, 0.00, 0.00, 0.00, 0.00, 0.00, 0.00, 0.00, 0.00, 0.00, 0.00, 0.00
"AUTOG SOLAR PALMIRA",0.00, 0.00, 0.00, 0.00, 0.00, 0.00, 0.00, 0.00, 0.00, 0.00, 0.00, 0.00, 0.00, 0.00, 0.00, 0.00, 0.00, 0.00, 0.00, 0.00, 0.00, 0.00, 0.00, 0.00
"AUTOG SOLAR PALMIRA II BERRY",0.00, 0.00, 0.00, 0.00, 0.00, 0.00, 0.00, 0.00, 0.00, 0.00, 1.00, 2.00, 3.00, 3.00, 0.00, 0.00, 0.00, 0.00, 0.00, 0.00, 0.00, 0.00, 0.00, 0.00
"AUTOG SOLAR VASCONIA",0.00, 0.00, 0.00, 0.00, 0.00, 0.00, 0.00, 0.00, 0.00, 0.00, 0.00, 0.00, 0.00, 0.00, 0.00, 0.00, 0.00, 0.00, 0.00, 0.00, 0.00, 0.00, 0.00, 0.00
"AUTOG TERMOARAUCA",0.00, 0.00, 0.00, 0.00, 0.00, 0.00, 0.00, 0.00, 0.00, 0.00, 0.00, 0.00, 0.00, 0.00, 0.00, 0.00, 0.00, 0.00, 0.00, 0.00, 0.00, 0.00, 0.00, 0.00
"AUTOG TERMOCOROCITO",2.00, 2.00, 2.00, 2.00, 2.00, 2.00, 2.00, 2.00, 2.00, 2.00, 2.00, 2.00, 2.00, 2.00, 2.00, 2.00, 2.00, 2.00, 2.00, 2.00, 2.00, 2.00, 2.00, 2.00
"AUTOG TERMOMACAGUA",2.00, 2.00, 2.00, 2.00, 2.00, 2.00, 2.00, 2.00, 2.00, 2.00, 2.00, 2.00, 2.00, 2.00, 2.00, 2.00, 2.00, 2.00, 2.00, 2.00, 2.00, 2.00, 2.00, 2.00
"AUTOG TERMOTAME",2.00, 2.00, 2.00, 2.00, 2.00, 2.50, 2.50, 2.50, 2.50, 2.50, 2.50, 2.50, 2.50, 2.50, 2.50, 2.50, 2.50, 2.50, 2.50, 2.50, 2.50, 2.50, 2.50, 2.50
"AUTOG TURGAS",3.50, 3.50, 3.50, 3.50, 3.50, 3.50, 3.50, 3.50, 3.50, 3.50, 3.50, 3.50, 3.50, 3.50, 3.50, 3.50, 3.50, 3.50, 3.50, 3.50, 3.50, 3.50, 3.50, 3.50
"AUTOG UNIBOL",0.00, 0.00, 0.00, 0.00, 0.00, 0.00, 0.00, 0.00, 0.00, 0.00, 0.00, 0.00, 0.00, 0.00, 0.00, 0.00, 0.00, 0.00, 0.00, 0.00, 0.00, 0.00, 0.00, 0.00
"AUTOG UNIMINAS",0.00, 0.00, 0.00, 0.00, 0.00, 0.00, 0.01, 0.02, 0.06, 0.10, 0.19, 0.27, 0.25, 0.34, 0.22, 0.14, 0.08, 0.01, 0.00, 0.00, 0.00, 0.00, 0.00, 0.00
"AUTOG YAGUARITO",0.00, 0.00, 0.00, 0.00, 0.00, 0.00, 0.00, 0.00, 0.00, 0.00, 0.00, 0.00, 0.00, 0.00, 0.00, 0.00, 0.00, 0.00, 0.00, 0.00, 0.00, 0.00, 0.00, 0.00
"BAJO TULUA",8.00, 8.00, 8.00, 8.00, 8.00, 8.00, 8.00, 8.00, 8.00, 8.00, 8.00, 8.00, 8.00, 8.00, 8.00, 8.00, 8.00, 8.00, 8.00, 8.00, 8.00, 8.00, 8.00, 8.00
"BARAYA",0.00, 0.00, 0.00, 0.00, 0.00, 0.01, 0.30, 0.60, 0.60, 0.70, 0.70, 0.80, 0.70, 0.70, 0.70, 0.30, 0.01, 0.05, 0.00, 0.00, 0.00, 0.00, 0.00, 0.00
"BARRANQUILLA 3",0.00, 0.00, 0.00, 0.00, 0.00, 0.00, 0.00, 0.00, 0.00, 0.00, 0.00, 0.00, 0.00, 0.00, 0.00, 0.00, 0.00, 0.00, 0.00, 0.00, 0.00, 0.00, 0.00, 0.00
"BARRANQUILLA 4",0.00, 0.00, 0.00, 0.00, 0.00, 0.00, 0.00, 0.00, 0.00, 0.00, 0.00, 0.00, 0.00, 0.00, 0.00, 0.00, 0.00, 0.00, 0.00, 0.00, 0.00, 0.00, 0.00, 0.00
"BARROSO",13.04, 13.04, 13.04, 13.04, 13.04, 13.04, 13.04, 13.04, 13.04, 13.04, 13.04, 13.04, 13.04, 13.04, 13.04, 13.04, 13.04, 13.04, 13.04, 13.04, 13.04, 13.04, 13.04, 13.04
"BAYONA",0.00, 0.00, 0.00, 0.00, 0.00, 0.00, 0.00, 0.00, 0.00, 0.00, 0.00, 0.00, 0.00, 0.00, 0.00, 0.00, 0.00, 0.00, 0.00, 0.00, 0.00, 0.00, 0.00, 0.00
"BELLO",0.00, 0.00, 0.00, 0.00, 0.00, 0.00, 0.00, 0.00, 0.00, 0.00, 0.00, 0.00, 0.00, 0.00, 0.00, 0.00, 0.00, 0.00, 0.00, 0.00, 0.00, 0.00, 0.00, 0.00
"BELMONTE",2.60, 2.60, 2.60, 2.60, 2.60, 2.60, 2.60, 2.60, 2.60, 2.60, 2.60, 2.60, 2.60, 2.60, 2.60, 2.60, 2.60, 2.60, 2.60, 2.60, 2.60, 2.60, 2.60, 2.60
"BETANIA",332.00, 332.00, 332.00, 332.00, 332.00, 332.00, 332.00, 332.00, 332.00, 332.00, 332.00, 332.00, 332.00, 332.00, 332.00, 332.00, 332.00, 332.00, 332.00, 332.00, 332.00, 332.00, 332.00, 332.00
"BIOENERGY",0.00, 0.00, 0.00, 0.00, 0.00, 0.00, 0.00, 0.00, 0.00, 0.00, 0.00, 0.00, 0.00, 0.00, 0.00, 0.00, 0.00, 0.00, 0.00, 0.00, 0.00, 0.00, 0.00, 0.00
"BOSQUES SOLARES DE LOS LLANOS 4",0.00, 0.00, 0.00, 0.00, 0.00, 0.00, 3.09, 4.94, 7.96, 10.34, 12.36, 12.16, 11.68, 12.33, 11.89, 9.74, 5.55, 0.00, 0.00, 0.00, 0.00, 0.00, 0.00, 0.00
"BOSQUES SOLARES DE LOS LLANOS 5",0.00, 0.00, 0.00, 0.00, 0.00, 0.00, 2.36, 4.08, 6.67, 9.29, 10.47, 10.44, 10.58, 10.47, 9.85, 7.89, 4.77, 0.00, 0.00, 0.00, 0.00, 0.00, 0.00, 0.00
"BSB 500",0.00, 0.00, 0.00, 0.00, 0.00, 0.00, 1.52, 4.48, 5.61, 7.16, 11.22, 12.11, 11.30, 4.91, 3.90, 5.86, 3.36, 0.00, 0.00, 0.00, 0.00, 0.00, 0.00, 0.00
"BSB 501",0.00, 0.00, 0.00, 0.00, 0.00, 0.00, 1.52, 4.48, 5.61, 7.16, 11.22, 12.11, 11.30, 4.91, 3.90, 5.86, 3.36, 0.00, 0.00, 0.00, 0.00, 0.00, 0.00, 0.00
"BSB 502",0.00, 0.00, 0.00, 0.00, 0.00, 0.00, 1.52, 4.48, 5.61, 7.16, 11.22, 12.11, 11.30, 4.91, 3.90, 5.86, 3.36, 0.00, 0.00, 0.00, 0.00, 0.00, 0.00, 0.00
"BSB 503",0.00, 0.00, 0.00, 0.00, 0.00, 0.00, 1.52, 4.48, 5.61, 7.16, 11.22, 12.11, 11.30, 4.91, 3.90, 5.86, 3.36, 0.00, 0.00, 0.00, 0.00, 0.00, 0.00, 0.00
"BSB 504",0.00, 0.00, 0.00, 0.00, 0.00, 0.00, 1.52, 4.48, 5.61, 7.16, 11.22, 12.11, 11.30, 4.91, 3.90, 5.86, 3.36, 0.00, 0.00, 0.00, 0.00, 0.00, 0.00, 0.00
"CAIMAN CIENAGUERO",0.00, 0.00, 0.00, 0.00, 0.00, 0.01, 0.03, 0.24, 0.36, 0.51, 0.63, 0.54, 0.61, 0.20, 0.10, 0.00, 0.00, 0.00, 0.00, 0.00, 0.00, 0.00, 0.00, 0.00
"CALDERAS",5.02, 5.02, 5.02, 5.02, 5.02, 5.02, 7.68, 7.68, 5.02, 5.02, 5.02, 11.08, 11.08, 5.02, 5.02, 5.02, 5.02, 15.92, 15.92, 15.92, 5.02, 5.02, 5.02, 5.02
"CALIMA",0.00, 0.00, 0.00, 0.00, 0.00, 0.00, 0.00, 0.00, 0.00, 0.00, 0.00, 0.00, 0.00, 0.00, 0.00, 0.00, 0.00, 0.00, 132.00, 132.00, 132.00, 13.19, 0.00, 0.00
"CAMPESTRE (CALARCA)",0.00, 0.00, 0.00, 0.00, 0.00, 0.00, 0.00, 0.00, 0.00, 0.00, 0.00, 0.00, 0.00, 0.00, 0.00, 0.00, 0.00, 0.00, 0.00, 0.00, 0.00, 0.00, 0.00, 0.00
"CAMPESTRE (EPM)",0.50, 0.50, 0.50, 0.50, 0.50, 0.50, 0.50, 0.50, 0.50, 0.50, 0.50, 0.50, 0.50, 0.50, 0.50, 0.50, 0.50, 0.50, 0.50, 0.50, 0.50, 0.50, 0.50, 0.50
"CANAHUATE",0.00, 0.00, 0.00, 0.00, 0.00, 0.01, 0.30, 0.60, 0.60, 0.70, 0.70, 0.80, 0.70, 0.70, 0.70, 0.30, 0.01, 0.05, 0.00, 0.00, 0.00, 0.00, 0.00, 0.00
"CARACOLI",3.75, 3.75, 3.75, 3.75, 3.75, 3.75, 3.75, 3.75, 3.75, 3.75, 3.75, 3.75, 3.75, 3.75, 3.75, 3.75, 3.75, 3.75, 3.75, 3.75, 3.75, 3.75, 3.75, 3.75
"CARACOLI I",0.00, 0.00, 0.00, 0.00, 0.00, 0.00, 7.00, 19.00, 28.00, 32.00, 33.00, 32.00, 30.00, 27.00, 23.00, 18.00, 10.00, 2.00, 0.00, 0.00, 0.00, 0.00, 0.00, 0.00
"CARLOS LLERAS",78.00, 78.00, 78.00, 78.00, 78.00, 78.00, 78.00, 78.00, 78.00, 78.00, 78.00, 78.00, 78.00, 78.00, 78.00, 78.00, 78.00, 78.00, 78.00, 78.00, 78.00, 78.00, 78.00, 78.00
"CARTAGENA 1",0.00, 0.00, 0.00, 0.00, 0.00, 0.00, 0.00, 0.00, 0.00, 0.00, 0.00, 0.00, 0.00, 0.00, 0.00, 0.00, 0.00, 0.00, 0.00, 0.00, 0.00, 0.00, 0.00, 0.00
"CARTAGENA 2",0.00, 0.00, 0.00, 0.00, 0.00, 0.00, 0.00, 0.00, 0.00, 0.00, 0.00, 0.00, 0.00, 0.00, 0.00, 0.00, 0.00, 0.00, 0.00, 0.00, 0.00, 0.00, 0.00, 0.00
"CARTAGENA 3",0.00, 0.00, 0.00, 0.00, 0.00, 0.00, 0.00, 0.00, 0.00, 0.00, 0.00, 0.00, 0.00, 0.00, 0.00, 0.00, 0.00, 0.00, 0.00, 0.00, 0.00, 0.00, 0.00, 0.00
"CARUQUIA",4.91, 4.91, 4.91, 4.91, 4.91, 4.91, 4.91, 4.91, 4.91, 4.91, 4.91, 4.91, 4.91, 4.91, 4.91, 4.91, 4.91, 4.91, 4.91, 4.91, 4.91, 4.91, 4.91, 4.91
"CASCADA",1.50, 1.50, 1.50, 1.50, 1.50, 1.50, 1.50, 1.50, 1.50, 1.50, 1.50, 1.50, 1.50, 1.50, 1.50, 1.50, 1.50, 1.50, 1.50, 1.50, 1.50, 1.50, 1.50, 1.50
"CAUYA",0.20, 0.20, 0.20, 0.20, 0.20, 0.20, 0.20, 0.20, 0.20, 0.20, 0.20, 0.20, 0.20, 0.20, 0.20, 0.20, 0.20, 0.20, 0.20, 0.20, 0.20, 0.20, 0.20, 0.20
"CELSIA SOLAR ALUMINA",0.00, 0.00, 0.00, 0.00, 0.00, 0.00, 0.00, 0.00, 0.00, 0.00, 0.00, 0.05, 0.22, 0.23, 0.00, 0.00, 0.00, 0.00, 0.00, 0.00, 0.00, 0.00, 0.00, 0.00
"CELSIA SOLAR BOLIVAR",0.00, 0.00, 0.00, 0.00, 0.00, 0.00, 0.00, 1.00, 2.00, 3.00, 3.00, 4.00, 4.00, 3.00, 2.00, 2.00, 1.00, 0.00, 0.00, 0.00, 0.00, 0.00, 0.00, 0.00
"CELSIA SOLAR BUGALAGRANDE",0.00, 0.00, 0.00, 0.00, 0.00, 0.00, 1.00, 2.00, 4.00, 6.00, 7.00, 8.00, 8.00, 0.00, 2.00, 1.00, 0.00, 0.00, 0.00, 0.00, 0.00, 0.00, 0.00, 0.00
"CELSIA SOLAR CARMELO",0.00, 0.00, 0.00, 0.00, 0.00, 0.00, 0.00, 0.00, 0.00, 0.00, 0.00, 0.00, 0.00, 0.00, 0.00, 0.00, 0.00, 0.00, 0.00, 0.00, 0.00, 0.00, 0.00, 0.00
"CELSIA SOLAR DULIMA",0.00, 0.00, 0.00, 0.00, 0.00, 0.00, 4.00, 13.00, 17.00, 19.00, 19.00, 19.00, 19.00, 18.00, 13.00, 17.00, 7.00, 0.00, 0.00, 0.00, 0.00, 0.00, 0.00, 0.00
"CELSIA SOLAR ESCOBAL I",0.00, 0.00, 0.00, 0.00, 0.00, 0.00, 2.00, 4.00, 6.00, 8.00, 9.00, 14.00, 16.00, 15.00, 7.00, 4.00, 0.00, 0.00, 0.00, 0.00, 0.00, 0.00, 0.00, 0.00
"CELSIA SOLAR ESCOBAL II",0.00, 0.00, 0.00, 0.00, 0.00, 0.00, 0.00, 0.00, 10.00, 14.00, 16.00, 17.00, 17.00, 16.00, 12.00, 8.00, 3.00, 0.00, 0.00, 0.00, 0.00, 0.00, 0.00, 0.00
"CELSIA SOLAR ESCOBAL III",0.00, 0.00, 0.00, 0.00, 0.00, 0.00, 0.00, 11.00, 13.00, 14.00, 19.90, 19.90, 19.90, 19.90, 19.90, 14.00, 13.00, 11.00, 0.00, 0.00, 0.00, 0.00, 0.00, 0.00
"CELSIA SOLAR ESCOBAL IV",0.00, 0.00, 0.00, 0.00, 0.00, 0.00, 0.00, 0.00, 3.00, 18.00, 17.00, 16.00, 18.00, 18.00, 14.00, 13.00, 5.00, 0.00, 0.00, 0.00, 0.00, 0.00, 0.00, 0.00
"CELSIA SOLAR ESCOBAL V",0.00, 0.00, 0.00, 0.00, 0.00, 0.00, 3.00, 12.00, 18.00, 18.00, 19.00, 19.00, 19.00, 18.00, 14.00, 13.00, 5.00, 0.00, 0.00, 0.00, 0.00, 0.00, 0.00, 0.00
"CELSIA SOLAR LA PAILA",0.00, 0.00, 0.00, 0.00, 0.00, 0.00, 0.00, 0.00, 0.00, 0.00, 0.00, 1.00, 1.00, 2.00, 0.00, 0.00, 0.00, 0.00, 0.00, 0.00, 0.00, 0.00, 0.00, 0.00
"CELSIA SOLAR LA VICTORIA I",0.00, 0.00, 0.00, 0.00, 0.00, 0.00, 3.00, 8.00, 10.00, 14.00, 17.00, 16.00, 16.00, 17.00, 12.00, 7.00, 2.00, 0.00, 0.00, 0.00, 0.00, 0.00, 0.00, 0.00
"CELSIA SOLAR LA VICTORIA II",0.00, 0.00, 0.00, 0.00, 0.00, 0.00, 3.00, 8.00, 10.00, 14.00, 18.00, 17.00, 17.00, 18.00, 12.00, 7.00, 2.00, 0.00, 0.00, 0.00, 0.00, 0.00, 0.00, 0.00
"CELSIA SOLAR PUERTO TEJADA",0.00, 0.00, 0.00, 0.00, 0.00, 0.00, 0.00, 1.00, 10.00, 12.00, 10.00, 13.00, 9.00, 7.00, 6.00, 7.00, 0.00, 0.00, 0.00, 0.00, 0.00, 0.00, 0.00, 0.00
"CELSIA SOLAR YUMA",0.00, 0.00, 0.00, 0.00, 0.00, 0.00, 1.00, 5.00, 6.00, 8.00, 8.00, 9.00, 8.00, 8.00, 5.00, 7.00, 3.00, 0.00, 0.00, 0.00, 0.00, 0.00, 0.00, 0.00
"CENTRAL CASTILLA 1",2.00, 2.00, 2.00, 2.00, 2.00, 2.00, 2.00, 2.00, 2.00, 2.00, 2.00, 2.00, 2.00, 2.00, 2.00, 2.00, 2.00, 2.00, 2.00, 2.00, 2.00, 2.00, 2.00, 2.00
"CENTRO SOLAR",0.00, 0.00, 0.00, 0.00, 0.00, 0.00, 2.60, 7.97, 9.28, 9.88, 9.90, 9.90, 9.90, 9.90, 9.90, 9.33, 8.29, 2.86, 0.00, 0.00, 0.00, 0.00, 0.00, 0.00
"CERRITOS",0.00, 0.00, 0.00, 0.00, 0.00, 0.00, 0.00, 4.00, 5.00, 6.00, 5.00, 7.00, 8.00, 7.00, 6.00, 4.00, 0.00, 0.00, 0.00, 0.00, 0.00, 0.00, 0.00, 0.00
"CHARQUITO",0.00, 0.00, 0.00, 0.00, 0.00, 0.00, 0.00, 0.00, 0.00, 0.00, 0.00, 0.00, 0.00, 0.00, 0.00, 0.00, 0.00, 0.00, 0.00, 0.00, 0.00, 0.00, 0.00, 0.00
"CHIVOR",826.00, 826.00, 826.00, 826.00, 826.00, 826.00, 826.00, 826.00, 826.00, 826.00, 826.00, 826.00, 826.00, 826.00, 826.00, 826.00, 826.00, 826.00, 826.00, 826.00, 826.00, 826.00, 826.00, 826.00
"COCONUCO",2.80, 2.80, 2.80, 2.80, 2.80, 2.80, 2.60, 2.60, 2.60, 2.60, 2.70, 2.70, 2.70, 2.70, 2.40, 2.40, 2.40, 2.40, 2.70, 2.80, 2.70, 2.70, 2.70, 2.70
"COELLO",1.10, 1.10, 1.10, 1.10, 1.10, 1.10, 1.10, 1.10, 1.10, 1.10, 1.10, 1.10, 1.10, 1.10, 1.10, 1.10, 1.10, 1.10, 1.10, 1.10, 1.10, 1.10, 1.10, 1.10
"COGENERADOR MANUELITA 2",6.70, 6.70, 6.70, 6.70, 6.70, 6.70, 6.70, 6.70, 6.70, 6.70, 6.70, 6.70, 6.70, 6.70, 6.70, 6.70, 6.70, 6.70, 6.70, 6.70, 6.70, 6.70, 6.70, 6.70
"COGENERADOR PROENCA",0.00, 0.00, 0.00, 0.00, 0.00, 0.00, 0.00, 0.00, 0.00, 0.00, 0.00, 0.00, 0.00, 0.00, 0.00, 0.00, 0.00, 0.00, 0.00, 0.00, 0.00, 0.00, 0.00, 0.00
"COMUNIDAD EL SALVADOR I",0.00, 0.00, 0.00, 0.00, 0.00, 0.00, 0.00, 0.00, 0.00, 0.01, 0.01, 0.01, 0.01, 0.01, 0.00, 0.00, 0.00, 0.00, 0.00, 0.00, 0.00, 0.00, 0.00, 0.01
"COMUNIDAD EL SALVADOR II",0.00, 0.00, 0.00, 0.00, 0.00, 0.00, 0.00, 0.00, 0.00, 0.00, 0.00, 0.00, 0.00, 0.00, 0.00, 0.00, 0.00, 0.00, 0.00, 0.00, 0.00, 0.00, 0.00, 0.00
"CONDOR",0.00, 0.00, 0.00, 0.00, 0.00, 0.00, 2.85, 8.04, 9.08, 8.30, 9.31, 9.11, 9.31, 9.50, 8.37, 8.18, 5.70, 0.88, 0.00, 0.00, 0.00, 0.00, 0.00, 0.00
"CUCUANA",14.00, 14.00, 14.00, 14.00, 14.00, 14.00, 14.00, 14.00, 14.00, 14.00, 14.00, 14.00, 14.00, 14.00, 14.00, 14.00, 14.00, 12.00, 12.00, 12.00, 12.00, 12.00, 14.00, 14.00
"CURRUCUCUES",0.80, 0.80, 0.80, 0.80, 0.80, 0.80, 0.80, 0.80, 0.80, 0.80, 0.80, 0.80, 0.80, 0.80, 0.80, 0.80, 0.80, 0.80, 0.80, 0.80, 0.80, 0.80, 0.80, 0.80
"DARIO VALENCIA SAMPER",0.00, 0.00, 0.00, 0.00, 0.00, 0.00, 0.00, 0.00, 0.00, 0.00, 0.00, 0.00, 0.00, 0.00, 0.00, 0.00, 0.00, 0.00, 0.00, 0.00, 0.00, 0.00, 0.00, 0.00
"DELTA I",0.00, 0.00, 0.00, 0.00, 0.00, 0.01, 0.30, 0.60, 0.60, 0.70, 0.70, 0.80, 0.70, 0.70, 0.70, 0.30, 0.10, 0.05, 0.00, 0.00, 0.00, 0.00, 0.00, 0.00
"DOÑA JUANA",0.25, 0.25, 0.25, 0.25, 0.25, 0.25, 0.25, 0.25, 0.25, 0.25, 0.25, 0.25, 0.25, 0.25, 0.25, 0.25, 0.25, 0.25, 0.25, 0.25, 0.25, 0.25, 0.25, 0.25
"ECOPARQUE SOLAR LA CIRA",0.00, 0.00, 0.00, 0.00, 0.00, 0.00, 0.00, 0.00, 0.00, 0.00, 0.00, 0.00, 0.00, 0.00, 0.00, 0.00, 0.00, 0.00, 0.00, 0.00, 0.00, 0.00, 0.00, 0.00
"EL BOSQUE",1.70, 1.70, 1.70, 1.70, 1.70, 1.70, 1.70, 1.70, 1.70, 1.70, 1.70, 1.70, 1.70, 1.70, 1.70, 1.70, 1.70, 1.70, 1.70, 1.70, 1.70, 1.70, 1.70, 1.70
"EL COCUYO",0.45, 0.45, 0.45, 0.45, 0.45, 0.45, 0.45, 0.45, 0.45, 0.45, 0.45, 0.45, 0.45, 0.45, 0.45, 0.45, 0.45, 0.45, 0.45, 0.45, 0.45, 0.45, 0.45, 0.45
"EL EDEN",4.00, 4.00, 4.00, 4.00, 4.00, 4.00, 4.00, 4.00, 4.00, 4.00, 4.00, 4.00, 4.00, 4.00, 4.00, 4.00, 4.00, 4.00, 5.00, 5.00, 5.00, 5.00, 4.00, 4.00
"EL LIMONAR",0.00, 0.00, 0.00, 0.00, 0.00, 0.00, 0.00, 0.00, 0.00, 0.00, 0.00, 0.00, 0.00, 0.00, 0.00, 0.00, 0.00, 0.00, 0.00, 0.00, 0.00, 0.00, 0.00, 0.00
"EL MOLINO",11.52, 11.52, 11.52, 11.52, 11.52, 11.52, 11.52, 11.52, 11.52, 11.52, 11.52, 11.52, 11.52, 11.52, 11.52, 11.52, 11.52, 11.52, 11.52, 11.52, 11.52, 11.52, 11.52, 11.52
"EL PASO",0.00, 0.00, 0.00, 0.00, 0.00, 0.00, 7.00, 23.00, 42.00, 57.00, 58.00, 58.00, 58.00, 57.00, 52.00, 40.00, 21.00, 7.00, 0.00, 0.00, 0.00, 0.00, 0.00, 0.00
"EL POPAL",18.50, 18.50, 18.50, 18.50, 18.50, 18.50, 18.50, 18.50, 18.50, 18.50, 18.50, 18.50, 18.50, 18.50, 18.50, 18.50, 18.50, 18.50, 18.50, 18.50, 18.50, 18.50, 18.50, 18.50
"EL QUIMBO",0.00, 0.00, 0.00, 0.00, 0.00, 0.00, 0.00, 0.00, 0.00, 0.00, 0.00, 0.00, 0.00, 0.00, 0.00, 0.00, 0.00, 0.00, 326.00, 326.00, 326.00, 326.00, 0.00, 0.00
"EL TAMARINDO I",0.00, 0.00, 0.00, 0.00, 0.00, 0.00, 0.00, 1.00, 3.00, 5.00, 7.00, 7.00, 7.00, 6.00, 5.00, 3.00, 2.00, 1.00, 0.00, 0.00, 0.00, 0.00, 0.00, 0.00
"EL TAMARINDO II",0.00, 0.00, 0.00, 0.00, 0.00, 0.00, 0.00, 1.00, 3.00, 5.00, 7.00, 7.00, 7.00, 6.00, 5.00, 3.00, 2.00, 1.00, 0.00, 0.00, 0.00, 0.00, 0.00, 0.00
"ESCUELA DE MINAS",55.00, 55.00, 55.00, 55.00, 55.00, 55.00, 55.00, 55.00, 55.00, 55.00, 55.00, 55.00, 55.00, 55.00, 55.00, 55.00, 55.00, 55.00, 55.00, 55.00, 55.00, 55.00, 55.00, 55.00
"ESMERALDA",24.00, 24.00, 24.00, 24.00, 24.00, 24.00, 24.00, 24.00, 24.00, 24.00, 24.00, 24.00, 24.00, 24.00, 24.00, 24.00, 24.00, 24.00, 24.00, 24.00, 24.00, 24.00, 24.00, 24.00
"FLORES 4 CC",0.00, 0.00, 0.00, 0.00, 0.00, 0.00, 0.00, 0.00, 0.00, 0.00, 0.00, 0.00, 0.00, 0.00, 0.00, 0.00, 0.00, 0.00, 0.00, 0.00, 0.00, 0.00, 0.00, 0.00
"FLORES I CC",0.00, 0.00, 0.00, 0.00, 0.00, 0.00, 0.00, 0.00, 0.00, 0.00, 0.00, 0.00, 0.00, 0.00, 0.00, 0.00, 0.00, 0.00, 0.00, 0.00, 0.00, 0.00, 0.00, 0.00
"FLORIDA",10.92, 10.70, 10.52, 10.12, 10.18, 9.96, 9.82, 9.64, 9.88, 10.04, 10.18, 10.10, 9.36, 9.32, 9.44, 11.48, 13.90, 12.46, 13.08, 15.52, 15.28, 11.00, 11.14, 9.12
"FUNDACION",0.00, 0.00, 0.00, 0.00, 0.00, 0.00, 16.00, 43.00, 69.00, 82.00, 83.00, 77.00, 68.00, 58.00, 49.00, 34.00, 23.00, 8.00, 0.00, 0.00, 0.00, 0.00, 0.00, 0.00
"GANDALF",0.00, 0.00, 0.00, 0.00, 0.00, 0.01, 0.30, 0.60, 0.60, 0.70, 0.70, 0.80, 0.70, 0.70, 0.70, 0.30, 0.01, 0.05, 0.00, 0.00, 0.00, 0.00, 0.00, 0.00
"GD AGUSTIN I",0.00, 0.00, 0.00, 0.00, 0.00, 0.01, 0.30, 0.60, 0.60, 0.70, 0.70, 0.80, 0.70, 0.70, 0.70, 0.30, 0.10, 0.05, 0.00, 0.00, 0.00, 0.00, 0.00, 0.00
"GD ALAMO SOLAR",0.00, 0.00, 0.00, 0.00, 0.00, 0.00, 0.04, 0.20, 0.40, 0.58, 0.65, 0.67, 0.67, 0.67, 0.60, 0.46, 0.25, 0.04, 0.00, 0.00, 0.00, 0.00, 0.00, 0.00
"GD ALEJANDRIA I",0.00, 0.00, 0.00, 0.00, 0.00, 0.00, 0.01, 0.08, 0.23, 0.60, 0.88, 0.63, 0.85, 0.93, 0.77, 0.58, 0.36, 0.10, 0.00, 0.00, 0.00, 0.00, 0.00, 0.00
"GD ALEJANDRIA II",0.00, 0.00, 0.00, 0.00, 0.00, 0.00, 0.01, 0.08, 0.23, 0.60, 0.88, 0.63, 0.85, 0.93, 0.77, 0.58, 0.36, 0.10, 0.00, 0.00, 0.00, 0.00, 0.00, 0.00
"GD ALEJANDRIA III",0.00, 0.00, 0.00, 0.00, 0.00, 0.00, 0.01, 0.08, 0.23, 0.60, 0.88, 0.63, 0.85, 0.93, 0.77, 0.58, 0.36, 0.10, 0.00, 0.00, 0.00, 0.00, 0.00, 0.00
"GD ALFEREZ",0.00, 0.00, 0.00, 0.00, 0.00, 0.00, 0.05, 0.19, 0.36, 0.57, 0.60, 0.60, 0.60, 0.60, 0.23, 0.11, 0.07, 0.03, 0.00, 0.00, 0.00, 0.00, 0.00, 0.00
"GD ASTROLUMEN LA GARITA",0.00, 0.00, 0.00, 0.00, 0.00, 0.01, 0.30, 0.60, 0.60, 0.70, 0.70, 0.80, 0.70, 0.70, 0.70, 0.30, 0.10, 0.05, 0.00, 0.00, 0.00, 0.00, 0.00, 0.00
"GD BASILICA",0.00, 0.00, 0.00, 0.00, 0.00, 0.00, 0.06, 0.15, 0.29, 0.37, 0.44, 0.45, 0.50, 0.52, 0.38, 0.17, 0.05, 0.01, 0.00, 0.00, 0.00, 0.00, 0.00, 0.00
"GD BIOSOLAR",0.00, 0.00, 0.00, 0.00, 0.00, 0.05, 0.09, 0.10, 0.15, 0.20, 0.30, 0.40, 0.30, 0.20, 0.15, 0.10, 0.09, 0.05, 0.00, 0.00, 0.00, 0.00, 0.00, 0.00
"GD BLANCA ENERGY I",0.00, 0.00, 0.00, 0.00, 0.00, 0.00, 0.00, 0.00, 0.00, 0.00, 0.00, 0.00, 0.00, 0.00, 0.00, 0.00, 0.00, 0.00, 0.00, 0.00, 0.00, 0.00, 0.00, 0.00
"GD BLANCA ENERGY II",0.00, 0.00, 0.00, 0.00, 0.00, 0.00, 0.00, 0.00, 0.00, 0.00, 0.00, 0.00, 0.00, 0.00, 0.00, 0.00, 0.00, 0.00, 0.00, 0.00, 0.00, 0.00, 0.00, 0.00
"GD BLANCA ENERGY III",0.00, 0.00, 0.00, 0.00, 0.00, 0.00, 0.00, 0.26, 0.53, 0.75, 0.87, 0.90, 0.90, 0.89, 0.83, 0.64, 0.35, 0.03, 0.00, 0.00, 0.00, 0.00, 0.00, 0.00
"GD BLANCA ENERGY SOLAR 23",0.00, 0.00, 0.00, 0.00, 0.00, 0.00, 0.02, 0.01, 0.02, 0.05, 0.09, 0.10, 0.10, 0.09, 0.08, 0.05, 0.02, 0.01, 0.00, 0.00, 0.00, 0.00, 0.00, 0.00
"GD BLANCA ENERGY SOLAR 24",0.00, 0.00, 0.00, 0.00, 0.00, 0.00, 0.00, 0.00, 0.00, 0.00, 0.00, 0.00, 0.00, 0.00, 0.00, 0.00, 0.00, 0.00, 0.00, 0.00, 0.00, 0.00, 0.00, 0.00
"GD BOCAS DEL PALO",0.00, 0.00, 0.00, 0.00, 0.00, 0.00, 0.00, 0.10, 0.10, 0.10, 0.10, 0.10, 0.10, 0.10, 0.10, 0.10, 0.00, 0.00, 0.00, 0.00, 0.00, 0.00, 0.00, 0.00
"GD BONILLA A I",0.00, 0.00, 0.00, 0.00, 0.00, 0.00, 0.05, 0.26, 0.45, 0.59, 0.67, 0.72, 0.73, 0.72, 0.69, 0.62, 0.41, 0.11, 0.00, 0.00, 0.00, 0.00, 0.00, 0.00
"GD BONILLA A II",0.00, 0.00, 0.00, 0.00, 0.00, 0.00, 0.05, 0.26, 0.45, 0.59, 0.67, 0.72, 0.73, 0.72, 0.69, 0.62, 0.41, 0.11, 0.00, 0.00, 0.00, 0.00, 0.00, 0.00
"GD BONILLA A III",0.00, 0.00, 0.00, 0.00, 0.00, 0.00, 0.05, 0.26, 0.45, 0.59, 0.67, 0.72, 0.73, 0.72, 0.69, 0.62, 0.41, 0.11, 0.00, 0.00, 0.00, 0.00, 0.00, 0.00
"GD BONILLA A IV",0.00, 0.00, 0.00, 0.00, 0.00, 0.00, 0.05, 0.26, 0.45, 0.59, 0.67, 0.72, 0.73, 0.72, 0.69, 0.62, 0.41, 0.11, 0.00, 0.00, 0.00, 0.00, 0.00, 0.00
"GD BONILLA A V",0.00, 0.00, 0.00, 0.00, 0.00, 0.00, 0.05, 0.26, 0.45, 0.59, 0.67, 0.72, 0.73, 0.72, 0.69, 0.62, 0.41, 0.11, 0.00, 0.00, 0.00, 0.00, 0.00, 0.00
"GD CADILLO II",0.00, 0.00, 0.00, 0.00, 0.00, 0.00, 0.05, 0.26, 0.45, 0.59, 0.67, 0.72, 0.73, 0.72, 0.69, 0.62, 0.41, 0.11, 0.00, 0.00, 0.00, 0.00, 0.00, 0.00
"GD CARACOL I",0.00, 0.00, 0.00, 0.00, 0.00, 0.00, 0.05, 0.26, 0.45, 0.59, 0.67, 0.72, 0.73, 0.72, 0.69, 0.62, 0.41, 0.11, 0.00, 0.00, 0.00, 0.00, 0.00, 0.00
"GD CARACOL II",0.00, 0.00, 0.00, 0.00, 0.00, 0.00, 0.05, 0.26, 0.45, 0.59, 0.67, 0.72, 0.73, 0.72, 0.69, 0.62, 0.41, 0.11, 0.00, 0.00, 0.00, 0.00, 0.00, 0.00
"GD CARACOL III",0.00, 0.00, 0.00, 0.00, 0.00, 0.00, 0.05, 0.26, 0.45, 0.59, 0.67, 0.72, 0.73, 0.72, 0.69, 0.62, 0.41, 0.11, 0.00, 0.00, 0.00, 0.00, 0.00, 0.00
"GD CHICORAL",0.00, 0.00, 0.00, 0.00, 0.00, 0.00, 0.02, 0.06, 0.17, 0.29, 0.40, 0.48, 0.52, 0.53, 0.32, 0.20, 0.09, 0.02, 0.00, 0.00, 0.00, 0.00, 0.00, 0.00
"GD CHIMBI",0.00, 0.00, 0.00, 0.00, 0.00, 0.00, 0.08, 0.35, 0.60, 0.76, 0.88, 0.93, 0.91, 0.79, 0.55, 0.50, 0.19, 0.03, 0.00, 0.00, 0.00, 0.00, 0.00, 0.00
"GD CHIRIGUANA NORTE I",0.00, 0.00, 0.00, 0.00, 0.00, 0.01, 0.30, 0.60, 0.60, 0.70, 0.70, 0.80, 0.70, 0.70, 0.70, 0.30, 0.10, 0.05, 0.00, 0.00, 0.00, 0.00, 0.00, 0.00
"GD CHIRIGUANA NORTE II",0.00, 0.00, 0.00, 0.00, 0.00, 0.01, 0.30, 0.60, 0.60, 0.70, 0.70, 0.80, 0.70, 0.70, 0.70, 0.30, 0.10, 0.05, 0.00, 0.00, 0.00, 0.00, 0.00, 0.00
"GD CHIRIGUANA NORTE IV",0.00, 0.00, 0.00, 0.00, 0.00, 0.01, 0.30, 0.60, 0.60, 0.70, 0.70, 0.80, 0.70, 0.70, 0.70, 0.30, 0.10, 0.05, 0.00, 0.00, 0.00, 0.00, 0.00, 0.00
"GD CORALITO",0.00, 0.00, 0.00, 0.00, 0.00, 0.00, 0.01, 0.18, 0.31, 0.47, 0.70, 0.87, 0.88, 0.86, 0.50, 0.10, 0.08, 0.01, 0.00, 0.00, 0.00, 0.00, 0.00, 0.00
"GD CSF ARENALES I",0.00, 0.00, 0.00, 0.00, 0.00, 0.00, 0.01, 0.11, 0.28, 0.56, 0.64, 0.73, 0.81, 0.75, 0.64, 0.48, 0.20, 0.04, 0.00, 0.00, 0.00, 0.00, 0.00, 0.00
"GD DELTA II",0.00, 0.00, 0.00, 0.00, 0.00, 0.01, 0.30, 0.60, 0.60, 0.70, 0.70, 0.80, 0.70, 0.70, 0.70, 0.30, 0.10, 0.05, 0.00, 0.00, 0.00, 0.00, 0.00, 0.00
"GD DIOCESIS DE RIOHACHA",0.00, 0.00, 0.00, 0.00, 0.00, 0.00, 0.01, 0.02, 0.04, 0.06, 0.07, 0.08, 0.08, 0.09, 0.07, 0.06, 0.03, 0.01, 0.00, 0.00, 0.00, 0.00, 0.00, 0.00
"GD EDEQ SOLAR LA TEBAIDA",0.00, 0.00, 0.00, 0.00, 0.00, 0.01, 0.03, 0.05, 0.07, 0.08, 0.09, 0.09, 0.09, 0.07, 0.05, 0.03, 0.01, 0.01, 0.00, 0.00, 0.00, 0.00, 0.00, 0.00
"GD EDEQ SOLAR MONTENEGRO",0.00, 0.00, 0.00, 0.00, 0.00, 0.01, 0.02, 0.04, 0.05, 0.06, 0.07, 0.07, 0.07, 0.06, 0.04, 0.02, 0.01, 0.01, 0.00, 0.00, 0.00, 0.00, 0.00, 0.00
"GD EL BANCO",0.00, 0.00, 0.00, 0.00, 0.00, 0.00, 0.03, 0.25, 0.53, 0.70, 0.69, 0.89, 0.88, 0.73, 0.42, 0.35, 0.16, 0.05, 0.00, 0.00, 0.00, 0.00, 0.00, 0.00
"GD EL PASO NORTE",0.00, 0.00, 0.00, 0.00, 0.00, 0.01, 0.30, 0.60, 0.60, 0.70, 0.70, 0.80, 0.70, 0.70, 0.70, 0.30, 0.10, 0.05, 0.00, 0.00, 0.00, 0.00, 0.00, 0.00
"GD EL ROBLE",0.00, 0.00, 0.00, 0.00, 0.00, 0.00, 0.08, 0.39, 0.54, 0.78, 0.57, 0.76, 0.83, 0.69, 0.52, 0.32, 0.08, 0.01, 0.00, 0.00, 0.00, 0.00, 0.00, 0.00
"GD EMPERATRIZ I",0.00, 0.00, 0.00, 0.00, 0.00, 0.00, 0.01, 0.18, 0.31, 0.47, 0.70, 0.87, 0.88, 0.86, 0.50, 0.10, 0.08, 0.01, 0.00, 0.00, 0.00, 0.00, 0.00, 0.00
"GD EMPERATRIZ II",0.00, 0.00, 0.00, 0.00, 0.00, 0.00, 0.01, 0.18, 0.31, 0.47, 0.70, 0.87, 0.88, 0.86, 0.50, 0.10, 0.08, 0.01, 0.00, 0.00, 0.00, 0.00, 0.00, 0.00
"GD ENCANTO",0.00, 0.00, 0.00, 0.00, 0.00, 0.00, 0.00, 0.30, 0.60, 0.70, 0.90, 0.90, 0.70, 0.60, 0.50, 0.40, 0.20, 0.00, 0.00, 0.00, 0.00, 0.00, 0.00, 0.00
"GD ERCO GUAMO I",0.00, 0.00, 0.00, 0.00, 0.00, 0.00, 0.06, 0.23, 0.45, 0.67, 0.79, 0.85, 0.85, 0.77, 0.63, 0.43, 0.18, 0.02, 0.00, 0.00, 0.00, 0.00, 0.00, 0.00
"GD ERCO GUAMO II",0.00, 0.00, 0.00, 0.00, 0.00, 0.00, 0.06, 0.23, 0.45, 0.67, 0.79, 0.85, 0.85, 0.77, 0.63, 0.43, 0.18, 0.02, 0.00, 0.00, 0.00, 0.00, 0.00, 0.00
"GD ERCO GUAMO III",0.00, 0.00, 0.00, 0.00, 0.00, 0.00, 0.06, 0.23, 0.45, 0.67, 0.79, 0.85, 0.85, 0.77, 0.63, 0.43, 0.18, 0.02, 0.00, 0.00, 0.00, 0.00, 0.00, 0.00
"GD ERCO GUAMO IV",0.00, 0.00, 0.00, 0.00, 0.00, 0.00, 0.06, 0.23, 0.45, 0.67, 0.79, 0.85, 0.85, 0.77, 0.63, 0.43, 0.18, 0.02, 0.00, 0.00, 0.00, 0.00, 0.00, 0.00
"GD ERCO ISIDORI",0.00, 0.00, 0.00, 0.00, 0.00, 0.00, 0.06, 0.27, 0.46, 0.61, 0.70, 0.73, 0.72, 0.67, 0.57, 0.43, 0.23, 0.04, 0.00, 0.00, 0.00, 0.00, 0.00, 0.00
"GD ERCO LAS PIEDRAS I",0.00, 0.00, 0.00, 0.00, 0.00, 0.00, 0.06, 0.24, 0.46, 0.68, 0.78, 0.86, 0.87, 0.76, 0.64, 0.44, 0.17, 0.02, 0.00, 0.00, 0.00, 0.00, 0.00, 0.00
"GD ERCO LAS PIEDRAS II",0.00, 0.00, 0.00, 0.00, 0.00, 0.00, 0.06, 0.24, 0.46, 0.68, 0.78, 0.86, 0.87, 0.76, 0.64, 0.44, 0.17, 0.02, 0.00, 0.00, 0.00, 0.00, 0.00, 0.00
"GD ERCO MARIANGOLA",0.00, 0.00, 0.00, 0.00, 0.00, 0.00, 0.06, 0.23, 0.45, 0.67, 0.79, 0.85, 0.85, 0.77, 0.63, 0.43, 0.18, 0.02, 0.00, 0.00, 0.00, 0.00, 0.00, 0.00
"GD ERCO PALMAS",0.00, 0.00, 0.00, 0.00, 0.00, 0.00, 0.00, 0.00, 0.00, 0.00, 0.00, 0.00, 0.00, 0.00, 0.00, 0.00, 0.00, 0.00, 0.00, 0.00, 0.00, 0.00, 0.00, 0.00
"GD ERCO SALDANA I",0.00, 0.00, 0.00, 0.00, 0.00, 0.00, 0.06, 0.22, 0.45, 0.67, 0.79, 0.85, 0.85, 0.77, 0.63, 0.43, 0.18, 0.02, 0.00, 0.00, 0.00, 0.00, 0.00, 0.00
"GD ERCO SALDANA II",0.00, 0.00, 0.00, 0.00, 0.00, 0.00, 0.06, 0.22, 0.45, 0.67, 0.79, 0.85, 0.85, 0.77, 0.63, 0.43, 0.18, 0.02, 0.00, 0.00, 0.00, 0.00, 0.00, 0.00
"GD ERCO TOLDADO",0.00, 0.00, 0.00, 0.00, 0.00, 0.00, 0.02, 0.06, 0.30, 0.66, 0.97, 0.96, 0.86, 0.79, 0.61, 0.47, 0.28, 0.09, 0.00, 0.00, 0.00, 0.00, 0.00, 0.00
"GD ESPERANZA I",0.00, 0.00, 0.00, 0.00, 0.00, 0.00, 0.16, 0.27, 0.39, 0.52, 0.61, 0.65, 0.61, 0.52, 0.39, 0.27, 0.16, 0.00, 0.00, 0.00, 0.00, 0.00, 0.00, 0.00
"GD ESPERANZA II",0.00, 0.00, 0.00, 0.00, 0.00, 0.00, 0.17, 0.32, 0.46, 0.56, 0.63, 0.65, 0.63, 0.56, 0.46, 0.32, 0.17, 0.00, 0.00, 0.00, 0.00, 0.00, 0.00, 0.00
"GD FINCA ISABEL LOPEZ",0.00, 0.00, 0.00, 0.00, 0.00, 0.00, 0.01, 0.04, 0.07, 0.12, 0.08, 0.07, 0.06, 0.05, 0.02, 0.00, 0.00, 0.00, 0.00, 0.00, 0.00, 0.00, 0.00, 0.00
"GD FINCA JM",0.00, 0.00, 0.00, 0.00, 0.00, 0.00, 0.01, 0.04, 0.07, 0.12, 0.08, 0.07, 0.06, 0.05, 0.02, 0.00, 0.00, 0.00, 0.00, 0.00, 0.00, 0.00, 0.00, 0.00
"GD GALILEO SOLAR",0.00, 0.00, 0.00, 0.00, 0.00, 0.00, 0.04, 0.02, 0.04, 0.06, 0.07, 0.06, 0.06, 0.06, 0.05, 0.05, 0.02, 0.01, 0.00, 0.00, 0.00, 0.00, 0.00, 0.00
"GD GOLONDRINA",0.00, 0.00, 0.00, 0.00, 0.00, 0.00, 0.01, 0.18, 0.31, 0.47, 0.70, 0.87, 0.88, 0.86, 0.50, 0.10, 0.08, 0.01, 0.00, 0.00, 0.00, 0.00, 0.00, 0.00
"GD GRANJA LA RUBIELA",0.00, 0.00, 0.00, 0.00, 0.00, 0.00, 0.04, 0.10, 0.23, 0.23, 0.51, 0.37, 0.40, 0.43, 0.26, 0.23, 0.11, 0.04, 0.00, 0.00, 0.00, 0.00, 0.00, 0.00
"GD GRANJA SAN PELAYO",0.00, 0.00, 0.00, 0.00, 0.00, 0.00, 0.06, 0.22, 0.40, 0.59, 0.72, 0.84, 0.82, 0.68, 0.58, 0.44, 0.23, 0.06, 0.00, 0.00, 0.00, 0.00, 0.00, 0.00
"GD JARDINCITO",0.00, 0.00, 0.00, 0.00, 0.00, 0.00, 0.04, 0.02, 0.04, 0.06, 0.07, 0.06, 0.06, 0.06, 0.05, 0.05, 0.02, 0.01, 0.00, 0.00, 0.00, 0.00, 0.00, 0.00
"GD LA CACICA",0.00, 0.00, 0.00, 0.00, 0.00, 0.01, 0.30, 0.60, 0.60, 0.70, 0.70, 0.80, 0.70, 0.70, 0.70, 0.30, 0.10, 0.05, 0.00, 0.00, 0.00, 0.00, 0.00, 0.00
"GD LA CATEDRAL",0.00, 0.00, 0.00, 0.00, 0.00, 0.01, 0.30, 0.60, 0.60, 0.70, 0.70, 0.80, 0.70, 0.70, 0.70, 0.30, 0.10, 0.05, 0.00, 0.00, 0.00, 0.00, 0.00, 0.00
"GD LA HONDA",0.00, 0.00, 0.00, 0.00, 0.00, 0.00, 0.11, 0.28, 0.43, 0.65, 0.84, 0.80, 0.82, 0.82, 0.52, 0.31, 0.11, 0.03, 0.00, 0.00, 0.00, 0.00, 0.00, 0.00
"GD LA MACANA",0.00, 0.00, 0.00, 0.00, 0.00, 0.00, 0.03, 0.17, 0.30, 0.40, 0.44, 0.43, 0.43, 0.42, 0.37, 0.29, 0.17, 0.05, 0.01, 0.00, 0.00, 0.00, 0.00, 0.00
"GD LA URIBE",0.00, 0.00, 0.00, 0.00, 0.00, 0.00, 0.06, 0.15, 0.06, 0.60, 0.60, 0.60, 0.60, 0.51, 0.52, 0.53, 0.19, 0.03, 0.00, 0.00, 0.00, 0.00, 0.00, 0.00
"GD LAS MERCEDES I",0.00, 0.00, 0.00, 0.00, 0.00, 0.00, 0.04, 0.21, 0.42, 0.58, 0.63, 0.66, 0.62, 0.61, 0.56, 0.32, 0.18, 0.06, 0.00, 0.00, 0.00, 0.00, 0.00, 0.00
"GD LAS MERCEDES II",0.00, 0.00, 0.00, 0.00, 0.00, 0.00, 0.06, 0.27, 0.54, 0.75, 0.81, 0.83, 0.83, 0.79, 0.71, 0.42, 0.24, 0.08, 0.00, 0.00, 0.00, 0.00, 0.00, 0.00
"GD LAS PILONERAS",0.00, 0.00, 0.00, 0.00, 0.00, 0.01, 0.30, 0.60, 0.60, 0.70, 0.70, 0.80, 0.70, 0.70, 0.70, 0.30, 0.10, 0.05, 0.00, 0.00, 0.00, 0.00, 0.00, 0.00
"GD LOS CHORROS",0.00, 0.00, 0.00, 0.00, 0.00, 0.00, 0.04, 0.18, 0.34, 0.44, 0.52, 0.55, 0.53, 0.47, 0.32, 0.30, 0.11, 0.01, 0.00, 0.00, 0.00, 0.00, 0.00, 0.00
"GD LYRA",0.00, 0.00, 0.00, 0.00, 0.00, 0.01, 0.30, 0.60, 0.60, 0.70, 0.70, 0.80, 0.70, 0.70, 0.70, 0.30, 0.10, 0.05, 0.00, 0.00, 0.00, 0.00, 0.00, 0.00
"GD MEISSA II",0.00, 0.00, 0.00, 0.00, 0.00, 0.00, 0.04, 0.02, 0.04, 0.06, 0.07, 0.06, 0.06, 0.06, 0.05, 0.05, 0.02, 0.01, 0.00, 0.00, 0.00, 0.00, 0.00, 0.00
"GD MGS 0013 LA MESA",0.00, 0.00, 0.00, 0.00, 0.00, 0.01, 0.30, 0.60, 0.60, 0.70, 0.80, 0.90, 0.80, 0.70, 0.70, 0.30, 0.10, 0.05, 0.00, 0.00, 0.00, 0.00, 0.00, 0.00
"GD NAOS I",0.00, 0.00, 0.00, 0.00, 0.00, 0.01, 0.30, 0.60, 0.60, 0.70, 0.70, 0.80, 0.70, 0.70, 0.70, 0.30, 0.01, 0.05, 0.00, 0.00, 0.00, 0.00, 0.00, 0.00
"GD NAOS II",0.00, 0.00, 0.00, 0.00, 0.00, 0.01, 0.30, 0.60, 0.60, 0.70, 0.70, 0.80, 0.70, 0.70, 0.70, 0.30, 0.10, 0.05, 0.00, 0.00, 0.00, 0.00, 0.00, 0.00
"GD NAOS III",0.00, 0.00, 0.00, 0.00, 0.00, 0.01, 0.30, 0.60, 0.70, 0.70, 0.70, 0.80, 0.70, 0.70, 0.70, 0.30, 0.10, 0.05, 0.00, 0.00, 0.00, 0.00, 0.00, 0.00
"GD ORBIS",0.00, 0.00, 0.00, 0.00, 0.00, 0.01, 0.30, 0.60, 0.60, 0.70, 0.70, 0.80, 0.70, 0.70, 0.70, 0.30, 0.10, 0.05, 0.00, 0.00, 0.00, 0.00, 0.00, 0.00
"GD PALERMO",0.00, 0.00, 0.00, 0.00, 0.00, 0.00, 0.00, 0.00, 0.00, 0.00, 0.00, 0.00, 0.00, 0.00, 0.00, 0.00, 0.00, 0.00, 0.00, 0.00, 0.00, 0.00, 0.00, 0.00
"GD PALMERAS I",0.00, 0.00, 0.00, 0.00, 0.00, 0.00, 0.05, 0.26, 0.45, 0.59, 0.67, 0.72, 0.73, 0.72, 0.69, 0.62, 0.41, 0.11, 0.00, 0.00, 0.00, 0.00, 0.00, 0.00
"GD PALMERAS II",0.00, 0.00, 0.00, 0.00, 0.00, 0.00, 0.05, 0.26, 0.45, 0.59, 0.67, 0.72, 0.73, 0.72, 0.69, 0.62, 0.41, 0.11, 0.00, 0.00, 0.00, 0.00, 0.00, 0.00
"GD PALMERAS III",0.00, 0.00, 0.00, 0.00, 0.00, 0.00, 0.05, 0.26, 0.45, 0.59, 0.67, 0.72, 0.73, 0.72, 0.69, 0.62, 0.41, 0.11, 0.00, 0.00, 0.00, 0.00, 0.00, 0.00
"GD PALMERAS IV",0.00, 0.00, 0.00, 0.00, 0.00, 0.00, 0.05, 0.26, 0.45, 0.59, 0.67, 0.72, 0.73, 0.72, 0.69, 0.62, 0.41, 0.11, 0.00, 0.00, 0.00, 0.00, 0.00, 0.00
"GD PARQUE SOLAR GRANADA I",0.00, 0.00, 0.00, 0.00, 0.00, 0.00, 0.02, 0.17, 0.30, 0.45, 0.50, 0.50, 0.50, 0.35, 0.25, 0.20, 0.15, 0.04, 0.00, 0.00, 0.00, 0.00, 0.00, 0.00
"GD PARQUE SOLAR GRANADA II",0.00, 0.00, 0.00, 0.00, 0.00, 0.02, 0.17, 0.30, 0.45, 0.50, 0.50, 0.50, 0.50, 0.35, 0.25, 0.20, 0.15, 0.00, 0.00, 0.00, 0.00, 0.00, 0.00, 0.00
"GD PARQUE SOLAR LA ESPERANZA",0.00, 0.00, 0.00, 0.00, 0.00, 0.02, 0.17, 0.30, 0.45, 0.50, 0.50, 0.50, 0.50, 0.35, 0.25, 0.20, 0.15, 0.00, 0.00, 0.00, 0.00, 0.00, 0.00, 0.00
"GD PARQUE SOLAR TRONCAL",0.00, 0.00, 0.00, 0.00, 0.00, 0.02, 0.17, 0.30, 0.45, 0.50, 0.50, 0.50, 0.50, 0.35, 0.25, 0.20, 0.15, 0.00, 0.00, 0.00, 0.00, 0.00, 0.00, 0.00
"GD PEGASUS SOLAR",0.00, 0.00, 0.00, 0.00, 0.00, 0.00, 0.04, 0.02, 0.04, 0.06, 0.07, 0.06, 0.06, 0.06, 0.05, 0.05, 0.02, 0.01, 0.00, 0.00, 0.00, 0.00, 0.00, 0.00
"GD POLARIS II",0.00, 0.00, 0.00, 0.00, 0.00, 0.01, 0.30, 0.60, 0.60, 0.70, 0.70, 0.80, 0.70, 0.70, 0.70, 0.30, 0.10, 0.05, 0.00, 0.00, 0.00, 0.00, 0.00, 0.00
"GD POLARIS III",0.00, 0.00, 0.00, 0.00, 0.00, 0.01, 0.30, 0.60, 0.60, 0.70, 0.70, 0.80, 0.70, 0.70, 0.70, 0.30, 0.10, 0.05, 0.00, 0.00, 0.00, 0.00, 0.00, 0.00
"GD PULOY",0.00, 0.00, 0.00, 0.00, 0.00, 0.01, 0.30, 0.60, 0.60, 0.70, 0.70, 0.80, 0.70, 0.70, 0.70, 0.30, 0.10, 0.05, 0.00, 0.00, 0.00, 0.00, 0.00, 0.00
"GD PXV I",0.00, 0.00, 0.00, 0.00, 0.00, 0.01, 0.10, 0.38, 0.60, 0.70, 0.80, 0.85, 0.85, 0.85, 0.70, 0.50, 0.22, 0.02, 0.00, 0.00, 0.00, 0.00, 0.00, 0.00
"GD PXV IV",0.00, 0.00, 0.00, 0.00, 0.00, 0.01, 0.10, 0.38, 0.60, 0.70, 0.80, 0.85, 0.85, 0.85, 0.70, 0.50, 0.22, 0.02, 0.00, 0.00, 0.00, 0.00, 0.00, 0.00
"GD SABANA DE TORRES",0.00, 0.00, 0.00, 0.00, 0.00, 0.01, 0.30, 0.60, 0.60, 0.70, 0.70, 0.80, 0.70, 0.70, 0.70, 0.30, 0.10, 0.05, 0.00, 0.00, 0.00, 0.00, 0.00, 0.00
"GD SAN MARTIN",0.00, 0.00, 0.00, 0.00, 0.00, 0.00, 0.03, 0.17, 0.30, 0.45, 0.50, 0.44, 0.50, 0.35, 0.25, 0.33, 0.17, 0.04, 0.00, 0.00, 0.00, 0.00, 0.00, 0.00
"GD SAN MARTIN II",0.00, 0.00, 0.00, 0.00, 0.00, 0.00, 0.02, 0.17, 0.30, 0.45, 0.50, 0.50, 0.50, 0.35, 0.25, 0.33, 0.17, 0.04, 0.00, 0.00, 0.00, 0.00, 0.00, 0.00
"GD SAN MARTIN III",0.00, 0.00, 0.00, 0.00, 0.00, 0.00, 0.02, 0.17, 0.30, 0.45, 0.50, 0.50, 0.50, 0.35, 0.25, 0.20, 0.15, 0.04, 0.00, 0.00, 0.00, 0.00, 0.00, 0.00
"GD SAN PELAYO",0.00, 0.00, 0.00, 0.00, 0.00, 0.01, 0.30, 0.60, 0.60, 0.70, 0.70, 0.80, 0.70, 0.70, 0.70, 0.30, 0.10, 0.05, 0.00, 0.00, 0.00, 0.00, 0.00, 0.00
"GD SEMILLA DE EL PASO IIIA",0.00, 0.00, 0.00, 0.00, 0.00, 0.00, 0.06, 0.23, 0.45, 0.67, 0.79, 0.85, 0.85, 0.77, 0.63, 0.43, 0.18, 0.02, 0.00, 0.00, 0.00, 0.00, 0.00, 0.00
"GD SEMILLA DE EL PASO IVA",0.00, 0.00, 0.00, 0.00, 0.00, 0.00, 0.06, 0.23, 0.45, 0.67, 0.79, 0.85, 0.85, 0.77, 0.63, 0.43, 0.18, 0.02, 0.00, 0.00, 0.00, 0.00, 0.00, 0.00
"GD SEMILLA DE GUACAMAYAL II",0.00, 0.00, 0.00, 0.00, 0.00, 0.00, 0.01, 0.04, 0.07, 0.12, 0.08, 0.07, 0.06, 0.05, 0.02, 0.00, 0.00, 0.00, 0.00, 0.00, 0.00, 0.00, 0.00, 0.00
"GD SEMILLA DEL PASO IA",0.00, 0.00, 0.00, 0.00, 0.00, 0.00, 0.06, 0.23, 0.45, 0.67, 0.79, 0.85, 0.85, 0.77, 0.63, 0.43, 0.18, 0.02, 0.00, 0.00, 0.00, 0.00, 0.00, 0.00
"GD SEMILLA DEL PASO III",0.00, 0.00, 0.00, 0.00, 0.00, 0.00, 0.06, 0.23, 0.45, 0.67, 0.79, 0.85, 0.85, 0.77, 0.63, 0.43, 0.18, 0.02, 0.00, 0.00, 0.00, 0.00, 0.00, 0.00
"GD SEMILLAS MONTERIA I",0.00, 0.00, 0.00, 0.00, 0.00, 0.00, 0.01, 0.18, 0.31, 0.47, 0.70, 0.87, 0.88, 0.86, 0.50, 0.10, 0.08, 0.01, 0.00, 0.00, 0.00, 0.00, 0.00, 0.00
"GD SEMILLAS MONTERIA II",0.00, 0.00, 0.00, 0.00, 0.00, 0.00, 0.01, 0.18, 0.31, 0.47, 0.70, 0.87, 0.88, 0.86, 0.50, 0.10, 0.08, 0.01, 0.00, 0.00, 0.00, 0.00, 0.00, 0.00
"GD SEVILLANO RURAL I",0.00, 0.00, 0.00, 0.00, 0.00, 0.00, 0.04, 0.02, 0.04, 0.06, 0.07, 0.06, 0.06, 0.06, 0.05, 0.05, 0.02, 0.01, 0.00, 0.00, 0.00, 0.00, 0.00, 0.00
"GD SEVILLANO RURAL II",0.00, 0.00, 0.00, 0.00, 0.00, 0.00, 0.04, 0.02, 0.04, 0.06, 0.07, 0.06, 0.06, 0.06, 0.05, 0.05, 0.02, 0.01, 0.00, 0.00, 0.00, 0.00, 0.00, 0.00
"GD SINAI",0.00, 0.00, 0.00, 0.00, 0.00, 0.00, 0.17, 0.32, 0.46, 0.56, 0.63, 0.65, 0.63, 0.56, 0.46, 0.32, 0.17, 0.00, 0.00, 0.00, 0.00, 0.00, 0.00, 0.00
"GD SOLYCIELO 9",0.00, 0.00, 0.00, 0.00, 0.00, 0.01, 0.30, 0.60, 0.60, 0.70, 0.80, 0.90, 0.80, 0.70, 0.70, 0.30, 0.10, 0.05, 0.00, 0.00, 0.00, 0.00, 0.00, 0.00
"GD SUAMOX",0.00, 0.00, 0.00, 0.00, 0.00, 0.06, 0.15, 0.31, 0.45, 0.50, 0.58, 0.50, 0.40, 0.35, 0.29, 0.14, 0.04, 0.00, 0.00, 0.00, 0.00, 0.00, 0.00, 0.00
"GD VITERBO I",0.00, 0.00, 0.00, 0.00, 0.00, 0.00, 0.00, 0.13, 0.20, 0.33, 0.40, 0.47, 0.47, 0.53, 0.53, 0.40, 0.20, 0.07, 0.00, 0.00, 0.00, 0.00, 0.00, 0.00
"GD VITERBO II",0.00, 0.00, 0.00, 0.00, 0.00, 0.00, 0.00, 0.13, 0.20, 0.33, 0.40, 0.47, 0.47, 0.53, 0.53, 0.40, 0.20, 0.07, 0.00, 0.00, 0.00, 0.00, 0.00, 0.00
"GD WE202",0.00, 0.00, 0.00, 0.00, 0.00, 0.00, 0.13, 0.25, 0.25, 0.32, 0.45, 0.45, 0.40, 0.77, 0.35, 0.25, 0.01, 0.00, 0.00, 0.00, 0.00, 0.00, 0.00, 0.00
"GD WE2021",0.00, 0.00, 0.00, 0.00, 0.00, 0.00, 0.13, 0.25, 0.25, 0.32, 0.45, 0.45, 0.40, 0.77, 0.35, 0.25, 0.01, 0.00, 0.00, 0.00, 0.00, 0.00, 0.00, 0.00
"GD YUAN SOLAR",0.00, 0.00, 0.00, 0.00, 0.00, 0.01, 0.30, 0.60, 0.60, 0.70, 0.70, 0.80, 0.70, 0.70, 0.70, 0.30, 0.10, 0.05, 0.00, 0.00, 0.00, 0.00, 0.00, 0.00
"GD YURBAQUA",0.00, 0.00, 0.00, 0.00, 0.00, 0.01, 0.30, 0.60, 0.60, 0.70, 0.70, 0.80, 0.70, 0.70, 0.70, 0.30, 0.10, 0.05, 0.00, 0.00, 0.00, 0.00, 0.00, 0.00
"GECELCA 3",0.00, 0.00, 0.00, 0.00, 0.00, 0.00, 0.00, 0.00, 0.00, 0.00, 0.00, 0.00, 0.00, 0.00, 0.00, 0.00, 0.00, 0.00, 0.00, 0.00, 0.00, 0.00, 0.00, 0.00
"GECELCA 32",250.00, 250.00, 250.00, 250.00, 250.00, 250.00, 250.00, 250.00, 250.00, 250.00, 250.00, 250.00, 250.00, 250.00, 250.00, 250.00, 250.00, 250.00, 250.00, 250.00, 250.00, 250.00, 250.00, 250.00
"GR PARQUE SOLAR TUCANES",0.00, 0.00, 0.00, 0.00, 0.00, 0.00, 0.00, 0.00, 0.00, 0.00, 0.00, 0.00, 0.00, 0.00, 0.00, 0.00, 0.00, 1.00, 0.00, 0.00, 0.00, 0.00, 0.00, 0.00
"GRANJA SOLAR BELMONTE",0.00, 0.00, 0.00, 0.00, 0.00, 0.00, 0.07, 0.51, 0.94, 1.66, 0.06, 2.41, 0.01, 0.03, 1.71, 0.79, 0.43, 0.09, 0.00, 0.00, 0.00, 0.00, 0.00, 0.00
"GRANJA SOLAR EL SALADO",0.00, 0.00, 0.00, 0.00, 0.00, 0.00, 0.00, 0.01, 0.03, 0.06, 0.06, 0.07, 0.07, 0.06, 0.05, 0.03, 0.02, 0.01, 0.00, 0.00, 0.00, 0.00, 0.00, 0.00
"GRANJA SOLAR FLANDES",0.00, 0.00, 0.00, 0.00, 0.00, 0.00, 4.00, 15.00, 18.00, 18.00, 19.00, 19.00, 19.00, 18.00, 13.00, 18.00, 7.00, 0.00, 0.00, 0.00, 0.00, 0.00, 0.00, 0.00
"GRANJA SOLAR LA GARITA",0.00, 0.00, 0.00, 0.00, 0.00, 0.00, 0.00, 0.00, 0.00, 0.00, 0.00, 0.00, 0.00, 0.00, 0.00, 0.00, 0.00, 0.00, 0.00, 0.00, 0.00, 0.00, 0.00, 0.00
"GRANJA SOLAR LANCEROS",0.00, 0.00, 0.00, 0.00, 0.00, 0.00, 0.00, 3.00, 5.00, 7.00, 9.00, 9.00, 9.00, 8.00, 6.00, 5.00, 2.00, 0.00, 0.00, 0.00, 0.00, 0.00, 0.00, 0.00
"GRANJA SOLAR SAN FELIPE",0.00, 0.00, 0.00, 0.00, 0.00, 0.00, 0.00, 3.00, 6.00, 8.00, 9.00, 9.00, 9.00, 9.00, 7.00, 4.00, 1.00, 0.00, 0.00, 0.00, 0.00, 0.00, 0.00, 0.00
"GUACAICA",0.00, 0.00, 0.00, 0.00, 0.00, 0.00, 0.00, 0.00, 0.00, 0.00, 0.00, 0.00, 0.00, 0.00, 0.00, 0.00, 0.00, 0.00, 0.00, 0.00, 0.00, 0.00, 0.00, 0.00
"GUAJIRA 1",145.00, 145.00, 145.00, 126.87, 145.00, 145.00, 145.00, 1.00, 1.00, 1.00, 68.18, 145.00, 145.00, 145.00, 145.00, 145.00, 145.00, 145.00, 145.00, 145.00, 145.00, 145.00, 145.00, 145.00
"GUAJIRA 2",0.00, 0.00, 0.00, 0.00, 0.00, 0.00, 0.00, 0.00, 0.00, 0.00, 0.00, 0.00, 0.00, 0.00, 0.00, 0.00, 0.00, 0.00, 0.00, 0.00, 0.00, 0.00, 0.00, 0.00
"GUAMO",0.00, 0.00, 0.00, 0.00, 0.00, 0.42, 1.76, 3.31, 4.75, 6.21, 7.18, 7.28, 6.61, 5.55, 4.10, 2.31, 0.57, 0.00, 0.00, 0.00, 0.00, 0.00, 0.00, 0.00
"GUANAQUITAS",5.91, 5.91, 5.91, 5.91, 5.91, 5.91, 5.91, 5.91, 5.91, 5.91, 5.91, 5.91, 5.91, 5.91, 5.91, 5.91, 5.91, 5.91, 5.91, 5.91, 5.91, 5.91, 5.91, 5.91
"GUATAPE",407.72, 40.35, 0.00, 0.00, 0.00, 156.65, 0.00, 0.00, 0.00, 0.00, 0.00, 0.00, 0.00, 167.72, 490.00, 490.00, 490.00, 490.00, 490.00, 490.00, 490.00, 490.00, 490.00, 490.00
"GUATRON",355.00, 355.00, 355.00, 355.00, 355.00, 355.00, 355.00, 355.00, 355.00, 355.00, 355.00, 355.00, 355.00, 355.00, 355.00, 355.00, 355.00, 355.00, 355.00, 355.00, 355.00, 355.00, 355.00, 355.00
"GUAVIO",1150.00, 1210.00, 1210.00, 1150.00, 1210.00, 1210.00, 1210.00, 1210.00, 1210.00, 1210.00, 1210.00, 1210.00, 1210.00, 1210.00, 1210.00, 1210.00, 1210.00, 1210.00, 1210.00, 1210.00, 1210.00, 1210.00, 1210.00, 1210.00
"GUAVIO MENOR",5.00, 5.00, 5.00, 5.00, 5.00, 5.00, 5.00, 5.00, 5.00, 5.00, 5.00, 5.00, 5.00, 5.00, 5.00, 5.00, 5.00, 5.00, 5.00, 5.00, 5.00, 5.00, 5.00, 5.00
"GUAYEPO",0.00, 0.00, 0.00, 0.00, 0.00, 0.00, 23.00, 68.00, 113.00, 130.00, 131.00, 123.00, 121.00, 114.00, 98.00, 68.00, 38.00, 6.00, 0.00, 0.00, 0.00, 0.00, 0.00, 0.00
"GUAYEPO III",0.00, 0.00, 0.00, 0.00, 0.00, 0.00, 24.00, 83.00, 141.00, 137.00, 143.00, 135.00, 132.00, 126.00, 113.00, 72.00, 34.00, 14.00, 0.00, 0.00, 0.00, 0.00, 0.00, 0.00
"GY SOLAR AURORA",0.00, 0.00, 0.00, 0.00, 0.00, 0.01, 0.03, 0.24, 0.36, 0.51, 0.63, 0.54, 0.61, 0.20, 0.10, 0.00, 0.00, 0.00, 0.00, 0.00, 0.00, 0.00, 0.00, 0.00
"HELIOS I",0.00, 0.00, 0.00, 0.00, 0.00, 0.35, 1.42, 2.48, 5.40, 7.30, 9.00, 12.00, 11.00, 8.40, 7.16, 4.40, 0.83, 0.05, 0.00, 0.00, 0.00, 0.00, 0.00, 0.00
"HIDROBARRANCAS",3.10, 3.10, 3.10, 3.10, 3.10, 3.10, 3.10, 3.10, 3.10, 3.10, 3.10, 3.10, 3.10, 3.10, 3.10, 3.10, 3.10, 3.10, 3.10, 3.10, 3.10, 3.10, 3.10, 3.10
"HIDROMONTAÑITAS",12.00, 12.00, 12.00, 12.00, 12.00, 12.00, 12.00, 12.00, 12.00, 12.00, 12.00, 12.00, 12.00, 12.00, 12.00, 12.00, 12.00, 12.00, 12.00, 12.00, 12.00, 12.00, 12.00, 12.00
"INCAUCA 1",32.00, 32.00, 32.00, 32.00, 32.00, 32.00, 32.00, 35.00, 35.00, 35.00, 35.00, 35.00, 35.00, 35.00, 35.00, 35.00, 35.00, 35.00, 35.00, 35.00, 35.00, 35.00, 35.00, 35.00
"INGENIO PICHICHI 1",0.00, 0.00, 0.00, 0.00, 0.00, 0.00, 0.00, 0.00, 0.00, 0.00, 0.00, 0.00, 0.00, 0.00, 0.00, 0.00, 0.00, 0.00, 0.00, 0.00, 0.00, 0.00, 0.00, 0.00
"INGENIO PROVIDENCIA 2",12.30, 12.30, 12.30, 12.30, 12.30, 12.30, 12.30, 12.30, 12.30, 12.30, 12.30, 12.30, 12.30, 12.30, 12.30, 12.30, 12.30, 12.30, 12.30, 12.30, 12.30, 12.30, 12.30, 12.30
"INGENIO RIOPAILA 1",6.00, 6.00, 6.00, 6.00, 6.00, 6.00, 6.00, 6.00, 6.00, 6.00, 6.00, 6.00, 6.00, 6.00, 6.00, 6.00, 6.00, 6.00, 6.00, 6.00, 6.00, 6.00, 6.00, 6.00
"INGENIO RISARALDA 1",13.00, 13.00, 13.00, 13.00, 13.00, 13.00, 13.00, 13.00, 13.00, 13.00, 13.00, 13.00, 13.00, 13.00, 13.00, 13.00, 13.00, 13.00, 13.00, 13.00, 13.00, 13.00, 13.00, 13.00
"INGENIO SAN CARLOS 1",1.59, 1.59, 1.59, 1.59, 1.59, 1.59, 1.59, 1.59, 1.59, 1.59, 1.59, 1.59, 1.59, 1.59, 1.59, 1.59, 1.59, 1.59, 1.59, 1.59, 1.59, 1.59, 1.59, 1.59
"INSULA",12.00, 12.00, 12.00, 12.00, 12.00, 12.00, 12.00, 12.00, 12.00, 12.00, 12.00, 12.00, 12.00, 12.00, 12.00, 12.00, 12.00, 12.00, 12.00, 12.00, 12.00, 12.00, 12.00, 12.00
"INTERMEDIA",0.00, 0.00, 0.00, 0.00, 0.00, 0.00, 0.00, 0.00, 0.00, 0.00, 0.00, 0.00, 0.00, 0.00, 0.00, 0.00, 0.00, 0.00, 0.00, 0.00, 0.00, 0.00, 0.00, 0.00
"INZA",0.00, 0.00, 0.00, 0.00, 0.00, 0.00, 0.00, 0.00, 0.00, 0.00, 0.00, 0.00, 0.00, 0.00, 0.00, 0.00, 0.00, 0.00, 0.00, 0.00, 0.00, 0.00, 0.00, 0.00
"IQUIRA I",0.00, 0.00, 0.00, 0.00, 0.00, 0.00, 0.00, 0.00, 0.00, 0.00, 0.00, 0.00, 0.00, 0.00, 0.00, 0.00, 0.00, 0.00, 0.00, 0.00, 0.00, 0.00, 0.00, 0.00
"IQUIRA II",0.00, 0.00, 0.00, 0.00, 0.00, 0.00, 0.00, 0.00, 0.00, 0.00, 0.00, 0.00, 0.00, 0.00, 0.00, 0.00, 0.00, 0.00, 0.00, 0.00, 0.00, 0.00, 0.00, 0.00
"ITUANGO",1200.00, 1200.00, 1200.00, 1200.00, 1200.00, 1200.00, 1200.00, 1200.00, 1200.00, 1200.00, 1200.00, 1200.00, 1200.00, 1200.00, 1200.00, 1200.00, 1200.00, 1200.00, 1200.00, 1200.00, 1200.00, 1200.00, 1200.00, 1200.00
"JAGUAS",0.00, 0.00, 0.00, 0.00, 0.00, 0.00, 0.00, 0.00, 0.00, 0.00, 0.00, 0.00, 0.00, 0.00, 0.00, 0.00, 0.00, 0.00, 170.00, 170.00, 170.00, 0.00, 0.00, 0.00
"JEQUES",0.00, 0.00, 0.00, 0.00, 0.00, 0.01, 0.03, 0.24, 0.36, 0.51, 0.63, 0.54, 0.61, 0.20, 0.10, 0.00, 0.00, 0.00, 0.00, 0.00, 0.00, 0.00, 0.00, 0.00
"JUAN GARCIA",2.20, 2.20, 2.20, 2.20, 2.20, 2.20, 2.20, 2.20, 2.20, 2.20, 2.20, 2.20, 2.20, 2.20, 2.20, 2.20, 2.20, 2.20, 2.20, 2.20, 2.20, 2.20, 2.80, 2.80
"JUMI",0.00, 0.00, 0.00, 0.00, 0.00, 0.00, 0.63, 3.15, 7.57, 8.83, 8.83, 8.83, 8.20, 7.57, 5.67, 2.52, 1.26, 0.00, 0.00, 0.00, 0.00, 0.00, 0.00, 0.00
"LA CASCADA ( ABEJORRAL)",2.00, 2.00, 2.00, 2.00, 2.00, 2.00, 2.00, 2.00, 2.00, 2.00, 2.00, 2.00, 2.00, 2.00, 2.00, 2.00, 2.00, 2.00, 2.00, 2.00, 2.00, 2.00, 2.00, 2.00
"LA CASCADA (ANTIOQUIA)",1.81, 1.81, 1.81, 1.81, 1.81, 1.81, 1.81, 1.81, 1.81, 1.81, 1.81, 1.81, 1.81, 1.81, 1.81, 1.81, 1.81, 1.81, 1.81, 1.81, 1.81, 1.81, 1.81, 1.81
"LA CASCADA DE GRANADA",0.70, 0.70, 0.70, 0.70, 0.70, 0.70, 0.70, 0.70, 0.70, 0.70, 0.70, 0.70, 0.70, 0.70, 0.70, 0.70, 0.70, 0.70, 0.70, 0.70, 0.70, 0.70, 0.70, 0.70
"LA CHORRERA",5.50, 5.50, 5.50, 5.50, 5.50, 5.50, 5.50, 5.50, 5.50, 5.50, 5.50, 5.50, 5.50, 5.50, 5.50, 5.50, 5.50, 5.50, 5.50, 5.50, 5.50, 5.50, 5.50, 5.50
"LA FRISOLERA",0.29, 0.29, 0.29, 0.29, 0.29, 0.29, 0.29, 0.29, 0.29, 0.29, 0.29, 0.29, 0.29, 0.29, 0.29, 0.29, 0.29, 0.29, 0.29, 0.29, 0.29, 0.29, 0.29, 0.29
"LA HERRADURA",18.00, 18.00, 18.00, 18.00, 18.00, 18.00, 18.00, 18.00, 18.00, 18.00, 18.00, 18.00, 18.00, 18.00, 18.00, 18.00, 18.00, 18.00, 18.00, 18.00, 18.00, 18.00, 18.00, 18.00
"LA INGLESA",0.00, 0.00, 0.00, 0.00, 0.00, 0.01, 0.30, 0.60, 0.60, 0.70, 0.70, 0.80, 0.70, 0.70, 0.70, 0.30, 0.01, 0.05, 0.00, 0.00, 0.00, 0.00, 0.00, 0.00
"LA MARTINA",0.00, 0.00, 0.00, 0.00, 0.00, 0.01, 0.49, 1.84, 3.78, 5.64, 6.76, 7.86, 8.22, 7.33, 6.35, 4.67, 2.57, 0.51, 0.00, 0.00, 0.00, 0.00, 0.00, 0.00
"LA MATA",0.00, 0.00, 0.00, 0.00, 0.00, 0.00, 22.00, 58.00, 75.00, 80.00, 80.00, 80.00, 80.00, 80.00, 80.00, 72.00, 50.00, 20.00, 0.00, 0.00, 0.00, 0.00, 0.00, 0.00
"LA MEDINA",0.00, 0.00, 0.00, 0.00, 0.00, 0.00, 0.00, 2.00, 3.00, 5.00, 5.00, 4.00, 5.00, 6.00, 6.00, 3.00, 1.00, 0.00, 0.00, 0.00, 0.00, 0.00, 0.00, 0.00
"LA NAVETA",3.00, 3.00, 3.00, 3.00, 3.00, 3.00, 3.00, 3.00, 3.00, 3.00, 3.00, 3.00, 3.00, 3.00, 3.00, 3.00, 3.00, 3.00, 3.00, 3.00, 3.00, 3.00, 3.00, 3.00
"LA NENERA",0.00, 0.00, 0.00, 0.00, 0.00, 0.00, 0.02, 0.06, 0.30, 0.66, 0.97, 0.96, 0.86, 0.79, 0.61, 0.47, 0.28, 0.09, 0.00, 0.00, 0.00, 0.00, 0.00, 0.00
"LA PITA",1.00, 1.00, 1.00, 1.00, 1.00, 1.00, 1.00, 1.00, 1.00, 1.00, 1.00, 1.00, 1.00, 1.00, 1.00, 1.00, 1.00, 1.00, 1.00, 1.00, 1.00, 1.00, 1.00, 1.00
"LA REBUSCA",0.65, 0.65, 0.65, 0.65, 0.65, 0.65, 0.65, 0.65, 0.65, 0.65, 0.65, 0.65, 0.65, 0.65, 0.65, 0.65, 0.65, 0.65, 0.65, 0.65, 0.65, 0.65, 0.65, 0.65
"LA SIERPE",0.00, 0.00, 0.00, 0.00, 0.00, 0.00, 2.00, 4.00, 6.00, 12.00, 19.00, 19.00, 19.00, 19.00, 16.00, 14.00, 4.00, 6.00, 1.00, 0.00, 0.00, 0.00, 0.00, 0.00
"LA TASAJERA",306.00, 306.00, 306.00, 306.00, 306.00, 306.00, 306.00, 306.00, 306.00, 306.00, 306.00, 306.00, 306.00, 306.00, 306.00, 306.00, 306.00, 306.00, 306.00, 306.00, 306.00, 306.00, 306.00, 306.00
"LA TOLUA",0.00, 0.00, 0.00, 0.00, 0.00, 0.00, 2.00, 4.00, 6.00, 8.00, 19.00, 19.00, 19.00, 19.00, 16.00, 14.00, 8.00, 6.00, 1.00, 0.00, 0.00, 0.00, 0.00, 0.00
"LA VUELTA",8.50, 8.50, 8.50, 8.50, 8.50, 8.50, 8.50, 8.50, 8.50, 8.50, 8.50, 8.50, 8.50, 8.50, 8.50, 8.50, 8.50, 8.50, 8.50, 8.50, 8.50, 8.50, 8.50, 8.50
"LAGUNETA",0.00, 0.00, 0.00, 0.00, 0.00, 0.00, 0.00, 0.00, 0.00, 0.00, 0.00, 0.00, 0.00, 0.00, 0.00, 0.00, 0.00, 0.00, 0.00, 0.00, 0.00, 0.00, 0.00, 0.00
"LAS PALMAS",2.80, 2.80, 2.80, 2.80, 2.80, 2.80, 2.80, 2.80, 2.80, 2.80, 2.80, 2.80, 2.80, 2.80, 2.80, 2.80, 2.80, 2.80, 2.80, 2.80, 2.80, 2.80, 2.80, 2.80
"LAS VIOLETAS",0.45, 0.45, 0.45, 0.45, 0.45, 0.45, 0.45, 0.45, 0.45, 0.45, 0.45, 0.45, 0.45, 0.45, 0.45, 0.45, 0.45, 0.45, 0.45, 0.45, 0.45, 0.45, 0.45, 0.00
"LATAM SOLAR LA LOMA",0.00, 0.00, 0.00, 0.00, 0.00, 0.00, 18.00, 70.00, 111.00, 128.00, 130.00, 125.00, 124.00, 121.00, 115.00, 90.00, 64.00, 14.00, 0.00, 0.00, 0.00, 0.00, 0.00, 0.00
"LOS CABALLEROS",0.00, 0.00, 0.00, 0.00, 0.00, 0.00, 0.00, 2.00, 4.00, 6.00, 6.00, 6.00, 6.00, 7.00, 7.00, 4.00, 1.00, 0.00, 0.00, 0.00, 0.00, 0.00, 0.00, 0.00
"LOS GIRASOLES",0.00, 0.00, 0.00, 0.00, 0.00, 0.00, 2.14, 4.80, 6.75, 7.82, 8.67, 8.86, 8.22, 7.02, 6.56, 4.34, 2.72, 0.00, 0.00, 0.00, 0.00, 0.00, 0.00, 0.00
"LUZMA I",16.68, 16.68, 16.68, 16.68, 16.68, 16.68, 16.68, 16.68, 16.68, 16.68, 16.68, 16.68, 16.68, 16.68, 16.68, 16.68, 16.68, 16.68, 16.68, 16.68, 16.68, 16.68, 16.68, 16.68
"LUZMA II",16.36, 16.36, 16.36, 16.36, 16.36, 16.36, 16.36, 16.36, 16.36, 16.36, 16.36, 16.36, 16.36, 16.36, 16.36, 16.36, 16.36, 16.36, 16.36, 16.36, 16.36, 16.36, 16.36, 16.36
"MAGALLO",2.50, 2.50, 2.50, 2.50, 2.50, 2.50, 2.50, 2.50, 2.50, 2.50, 2.50, 2.50, 2.50, 2.50, 2.50, 2.50, 2.50, 2.50, 2.50, 2.50, 2.50, 2.50, 2.50, 2.50
"MANANTIALES",2.00, 2.00, 2.00, 2.00, 2.00, 2.00, 2.00, 2.00, 2.00, 2.00, 2.00, 2.00, 2.00, 2.00, 2.00, 2.00, 2.00, 2.00, 2.00, 2.00, 2.00, 2.00, 2.00, 2.00
"MAYAGUEZ 1",0.00, 0.00, 0.00, 0.00, 0.00, 0.00, 0.00, 0.00, 0.00, 0.00, 0.00, 0.00, 0.00, 0.00, 0.00, 0.00, 0.00, 0.00, 0.00, 0.00, 0.00, 0.00, 0.00, 0.00
"MERILECTRICA 1",0.00, 0.00, 0.00, 0.00, 0.00, 0.00, 0.00, 0.00, 0.00, 0.00, 0.00, 0.00, 0.00, 0.00, 0.00, 0.00, 0.00, 0.00, 0.00, 0.00, 0.00, 0.00, 0.00, 0.00
"MIEL I",0.00, 0.00, 0.00, 0.00, 0.00, 0.00, 0.00, 0.00, 0.00, 0.00, 0.00, 0.00, 0.00, 0.00, 0.00, 0.00, 0.00, 0.00, 0.00, 0.00, 0.00, 0.00, 0.00, 0.00
"MINIGRANJA EL COPEY OCCIDENTE",0.00, 0.00, 0.00, 0.00, 0.00, 0.01, 0.30, 0.60, 0.60, 0.70, 0.70, 0.80, 0.70, 0.70, 0.70, 0.30, 0.10, 0.05, 0.00, 0.00, 0.00, 0.00, 0.00, 0.00
"MINIGRANJA EL JOROPO",0.00, 0.00, 0.00, 0.00, 0.00, 0.01, 0.30, 0.60, 0.60, 0.70, 0.70, 0.80, 0.70, 0.70, 0.70, 0.30, 0.10, 0.05, 0.00, 0.00, 0.00, 0.00, 0.00, 0.00
"MINIGRANJA EL MAPALE",0.00, 0.00, 0.00, 0.00, 0.00, 0.01, 0.30, 0.60, 0.60, 0.70, 0.70, 0.80, 0.70, 0.70, 0.70, 0.30, 0.10, 0.05, 0.00, 0.00, 0.00, 0.00, 0.00, 0.00
"MINIGRANJA EL MERENGUE",0.00, 0.00, 0.00, 0.00, 0.00, 0.01, 0.30, 0.60, 0.60, 0.70, 0.80, 0.90, 0.80, 0.70, 0.70, 0.30, 0.10, 0.05, 0.00, 0.00, 0.00, 0.00, 0.00, 0.00
"MINIGRANJA EL MOLINO",0.00, 0.00, 0.00, 0.00, 0.00, 0.01, 0.30, 0.60, 0.60, 0.70, 0.70, 0.80, 0.70, 0.70, 0.70, 0.30, 0.01, 0.05, 0.00, 0.00, 0.00, 0.00, 0.00, 0.00
"MINIGRANJA EL OLIMPO",0.00, 0.00, 0.00, 0.00, 0.00, 0.01, 0.30, 0.60, 0.60, 0.70, 0.70, 0.80, 0.70, 0.70, 0.70, 0.30, 0.10, 0.05, 0.00, 0.00, 0.00, 0.00, 0.00, 0.00
"MINIGRANJA EL SON",0.00, 0.00, 0.00, 0.00, 0.00, 0.01, 0.30, 0.60, 0.60, 0.70, 0.70, 0.80, 0.70, 0.70, 0.70, 0.30, 0.10, 0.05, 0.00, 0.00, 0.00, 0.00, 0.00, 0.00
"MINIGRANJA IBIRICO",0.00, 0.00, 0.00, 0.00, 0.00, 0.01, 0.30, 0.60, 0.60, 0.70, 0.70, 0.80, 0.70, 0.70, 0.70, 0.30, 0.10, 0.05, 0.00, 0.00, 0.00, 0.00, 0.00, 0.00
"MINIGRANJA LA CUMBIA",0.00, 0.00, 0.00, 0.00, 0.00, 0.01, 0.30, 0.60, 0.60, 0.70, 0.70, 0.80, 0.70, 0.70, 0.70, 0.30, 0.10, 0.05, 0.00, 0.00, 0.00, 0.00, 0.00, 0.00
"MINIGRANJA LA PAZ ESMERALDA",0.00, 0.00, 0.00, 0.00, 0.00, 0.01, 0.30, 0.60, 0.60, 0.70, 0.70, 0.80, 0.70, 0.70, 0.70, 0.30, 0.10, 0.05, 0.00, 0.00, 0.00, 0.00, 0.00, 0.00
"MINIGRANJA LA PAZ LEYENDA",0.00, 0.00, 0.00, 0.00, 0.00, 0.01, 0.30, 0.60, 0.60, 0.70, 0.70, 0.80, 0.70, 0.70, 0.70, 0.30, 0.01, 0.05, 0.00, 0.00, 0.00, 0.00, 0.00, 0.00
"MINIGRANJA LA PAZ VALLENATA",0.00, 0.00, 0.00, 0.00, 0.00, 0.01, 0.30, 0.60, 0.60, 0.70, 0.70, 0.80, 0.70, 0.70, 0.70, 0.30, 0.01, 0.05, 0.00, 0.00, 0.00, 0.00, 0.00, 0.00
"MINIGRANJA LA PAZ VERSO",0.00, 0.00, 0.00, 0.00, 0.00, 0.01, 0.30, 0.60, 0.60, 0.70, 0.70, 0.80, 0.70, 0.70, 0.70, 0.30, 0.10, 0.05, 0.00, 0.00, 0.00, 0.00, 0.00, 0.00
"MINIGRANJA LA PUYA",0.00, 0.00, 0.00, 0.00, 0.00, 0.01, 0.30, 0.60, 0.60, 0.70, 0.70, 0.80, 0.70, 0.70, 0.70, 0.30, 0.10, 0.05, 0.00, 0.00, 0.00, 0.00, 0.00, 0.00
"MINIGRANJA LA RESERVA",0.00, 0.00, 0.00, 0.00, 0.00, 0.01, 0.30, 0.60, 0.60, 0.70, 0.70, 0.80, 0.70, 0.70, 0.70, 0.30, 0.10, 0.05, 0.00, 0.00, 0.00, 0.00, 0.00, 0.00
"MINIGRANJA SAN DIEGO SUR",0.00, 0.00, 0.00, 0.00, 0.00, 0.01, 0.30, 0.60, 0.60, 0.70, 0.70, 0.80, 0.70, 0.70, 0.70, 0.30, 0.10, 0.05, 0.00, 0.00, 0.00, 0.00, 0.00, 0.00
"MINIGRANJA SAN PEDRO",0.00, 0.00, 0.00, 0.00, 0.00, 0.00, 0.14, 0.32, 0.32, 0.55, 0.64, 0.73, 0.82, 0.73, 0.64, 0.55, 0.32, 0.14, 0.00, 0.00, 0.00, 0.00, 0.00, 0.00
"MINIGRANJA VALENCIA ORIENTE I",0.00, 0.00, 0.00, 0.00, 0.00, 0.01, 0.30, 0.60, 0.60, 0.70, 0.70, 0.80, 0.70, 0.70, 0.70, 0.30, 0.10, 0.05, 0.00, 0.00, 0.00, 0.00, 0.00, 0.00
"MINIGRANJA VALENCIA ORIENTE II",0.00, 0.00, 0.00, 0.00, 0.00, 0.01, 0.30, 0.60, 0.60, 0.70, 0.70, 0.80, 0.70, 0.70, 0.70, 0.30, 0.10, 0.05, 0.00, 0.00, 0.00, 0.00, 0.00, 0.00
"MINIGRANJA VILLANUEVA",0.00, 0.00, 0.00, 0.00, 0.00, 0.01, 0.30, 0.60, 0.60, 0.70, 0.80, 0.90, 0.80, 0.70, 0.70, 0.30, 0.10, 0.05, 0.00, 0.00, 0.00, 0.00, 0.00, 0.00
"MIROLINDO",2.04, 2.04, 2.04, 2.04, 2.04, 2.04, 2.04, 2.04, 2.04, 2.04, 2.04, 2.04, 2.04, 2.04, 2.04, 2.04, 2.04, 2.04, 2.04, 2.04, 2.04, 2.04, 2.04, 2.04
"MONDOMO",0.48, 0.48, 0.46, 0.46, 0.46, 0.46, 0.46, 0.46, 0.45, 0.45, 0.46, 0.46, 0.43, 0.46, 0.44, 0.44, 0.43, 0.44, 0.44, 0.45, 0.46, 0.48, 0.48, 0.48
"MONTELIBANO",0.00, 0.00, 0.00, 0.00, 0.00, 0.00, 0.00, 2.00, 2.00, 3.00, 6.00, 9.00, 9.00, 8.00, 7.00, 5.00, 2.00, 0.00, 0.00, 0.00, 0.00, 0.00, 0.00, 0.00
"MORRO AZUL",3.00, 3.00, 3.00, 3.00, 3.00, 3.00, 3.00, 3.00, 3.00, 3.00, 3.00, 3.00, 3.00, 3.00, 3.00, 3.00, 3.00, 3.00, 3.00, 3.00, 3.00, 3.00, 3.00, 3.00
"MULATOS II",1.67, 1.67, 1.67, 1.67, 1.67, 1.67, 1.67, 1.67, 1.67, 1.67, 1.67, 1.67, 1.67, 1.67, 1.67, 1.67, 1.67, 1.67, 1.67, 1.67, 1.67, 1.67, 1.67, 1.67
"MUNICIPAL",1.10, 1.10, 1.10, 1.10, 1.10, 1.10, 1.10, 1.10, 1.10, 1.10, 1.10, 1.10, 1.10, 1.10, 1.10, 1.10, 1.10, 1.10, 1.10, 1.10, 1.10, 1.10, 1.10, 1.10
"NIMA",3.20, 3.20, 3.20, 3.20, 3.20, 3.20, 3.20, 3.20, 3.20, 3.20, 3.20, 3.20, 3.20, 3.20, 3.20, 3.20, 3.20, 3.20, 3.20, 3.20, 3.20, 3.20, 3.20, 3.20
"NIQUIA",14.80, 14.80, 14.80, 14.80, 14.80, 14.80, 14.80, 14.80, 14.80, 14.80, 14.80, 14.80, 14.80, 14.80, 14.80, 14.80, 14.80, 14.80, 14.80, 14.80, 14.80, 14.80, 14.80, 14.80
"NUEVO LIBARE",0.00, 0.00, 0.00, 0.00, 0.00, 0.00, 0.00, 0.00, 0.00, 0.00, 0.00, 0.00, 0.00, 0.00, 0.00, 0.00, 0.00, 0.00, 0.00, 0.00, 0.00, 0.00, 0.00, 0.00
"NUMBANA",0.00, 0.00, 0.00, 0.00, 0.00, 0.46, 2.00, 3.75, 5.38, 7.01, 7.93, 8.04, 7.46, 6.29, 4.67, 2.62, 0.63, 0.00, 0.00, 0.00, 0.00, 0.00, 0.00, 0.00
"NUTIBARA",0.00, 0.00, 0.00, 0.00, 0.00, 0.00, 0.00, 0.00, 0.00, 0.00, 0.00, 0.00, 0.00, 0.00, 0.00, 0.00, 0.00, 0.00, 0.00, 0.00, 0.00, 0.00, 0.00, 0.00
"OIBITA",18.00, 18.00, 18.00, 18.00, 18.00, 18.00, 18.00, 18.00, 18.00, 18.00, 18.00, 18.00, 18.00, 18.00, 18.00, 18.00, 18.00, 18.00, 18.00, 18.00, 18.00, 18.00, 18.00, 18.00
"OVEJAS",0.79, 0.77, 0.77, 0.77, 0.76, 0.77, 0.75, 0.71, 0.70, 0.72, 0.73, 0.78, 0.77, 0.76, 0.77, 0.76, 0.77, 0.77, 0.79, 0.79, 0.80, 0.79, 0.79, 0.78
"PAGUA",600.00, 600.00, 600.00, 600.00, 600.00, 600.00, 600.00, 560.78, 383.72, 274.98, 400.00, 400.00, 400.00, 400.00, 400.00, 400.00, 400.00, 600.00, 600.00, 600.00, 600.00, 600.00, 600.00, 600.00
"PAIPA 1",23.00, 23.00, 23.00, 23.00, 23.00, 23.00, 23.00, 23.00, 23.00, 23.00, 23.00, 23.00, 23.00, 23.00, 23.00, 23.00, 23.00, 23.00, 23.00, 23.00, 23.00, 23.00, 23.00, 23.00
"PAIPA 2",72.00, 72.00, 72.00, 72.00, 72.00, 72.00, 72.00, 72.00, 72.00, 72.00, 72.00, 72.00, 72.00, 72.00, 72.00, 72.00, 72.00, 72.00, 72.00, 72.00, 72.00, 72.00, 72.00, 72.00
"PAIPA 3",70.00, 70.00, 70.00, 70.00, 70.00, 70.00, 70.00, 70.00, 70.00, 70.00, 70.00, 70.00, 70.00, 70.00, 70.00, 70.00, 70.00, 70.00, 70.00, 70.00, 70.00, 70.00, 70.00, 70.00
"PAIPA 4",165.00, 165.00, 165.00, 165.00, 165.00, 165.00, 165.00, 165.00, 165.00, 165.00, 165.00, 165.00, 165.00, 165.00, 165.00, 165.00, 165.00, 165.00, 165.00, 165.00, 165.00, 165.00, 165.00, 165.00
"PAJARITO",5.80, 5.80, 5.80, 5.80, 5.80, 5.80, 5.80, 5.80, 5.80, 5.80, 5.80, 5.80, 5.80, 5.80, 5.80, 5.80, 5.80, 5.80, 5.80, 5.80, 5.80, 5.80, 5.80, 5.80
"PALMAS SAN GIL",0.00, 0.00, 0.00, 0.00, 0.00, 0.00, 0.00, 0.00, 0.00, 0.00, 0.00, 0.00, 0.00, 0.00, 0.00, 0.00, 0.00, 0.00, 0.00, 0.00, 0.00, 0.00, 0.00, 0.00
"PAPELES NACIONALES",0.00, 0.00, 0.00, 0.00, 0.00, 0.00, 0.00, 0.00, 0.00, 0.00, 0.00, 0.00, 0.00, 0.00, 0.00, 0.00, 0.00, 0.00, 0.00, 0.00, 0.00, 0.00, 0.00, 0.00
"PARQUE EOLICO CARRETO",3.00, 1.00, 0.00, 0.00, 0.00, 0.00, 0.00, 0.00, 1.00, 0.00, 1.00, 1.00, 2.00, 2.00, 4.00, 4.00, 4.00, 3.00, 2.00, 3.00, 3.00, 2.00, 1.00, 0.00
"PARQUE EOLICO GUAJIRA I",18.75, 18.25, 17.40, 17.24, 16.55, 15.67, 15.69, 16.85, 16.72, 17.61, 18.37, 19.05, 19.00, 18.64, 18.42, 18.30, 18.78, 19.25, 19.33, 18.77, 18.56, 18.00, 18.03, 17.99
"PARQUE EOLICO WESP01",11.74, 11.91, 12.00, 11.95, 11.79, 11.62, 11.60, 12.00, 11.61, 11.62, 11.81, 11.66, 11.42, 11.40, 11.43, 11.57, 11.87, 12.00, 12.00, 11.71, 11.54, 11.55, 11.56, 11.61
"PARQUE SOLAR ARENAL",0.00, 0.00, 0.00, 0.00, 0.00, 0.00, 0.00, 0.40, 1.10, 1.40, 1.50, 1.50, 1.50, 1.30, 1.10, 0.90, 0.40, 0.10, 0.00, 0.00, 0.00, 0.00, 0.00, 0.00
"PARQUE SOLAR BARANOA",0.00, 0.00, 0.00, 0.00, 0.00, 0.00, 5.00, 6.00, 8.00, 14.00, 16.00, 10.00, 9.00, 14.00, 12.00, 8.00, 4.00, 0.00, 0.00, 0.00, 0.00, 0.00, 0.00, 0.00
"PARQUE SOLAR BUGAMBILES",0.00, 0.00, 0.00, 0.00, 0.00, 0.00, 2.00, 3.00, 3.00, 6.00, 6.00, 4.00, 4.00, 6.00, 5.00, 3.00, 1.00, 0.00, 0.00, 0.00, 0.00, 0.00, 0.00, 0.00
"PARQUE SOLAR DINAMARCA",0.00, 0.00, 0.00, 0.00, 0.00, 0.01, 0.03, 0.24, 0.36, 0.51, 0.63, 0.54, 0.61, 0.20, 0.10, 0.00, 0.00, 0.00, 0.00, 0.00, 0.00, 0.00, 0.00, 0.00
"PARQUE SOLAR EL JARDIN",0.00, 0.00, 0.00, 0.00, 0.00, 0.01, 0.03, 0.24, 0.36, 0.51, 0.63, 0.54, 0.61, 0.20, 0.10, 0.00, 0.00, 0.00, 0.00, 0.00, 0.00, 0.00, 0.00, 0.00
"PARQUE SOLAR HATO GRANDE",0.00, 0.00, 0.00, 0.00, 0.00, 0.01, 0.03, 0.24, 0.36, 0.51, 0.63, 0.54, 0.61, 0.20, 0.10, 0.00, 0.00, 0.00, 0.00, 0.00, 0.00, 0.00, 0.00, 0.00
"PARQUE SOLAR HONDA I",0.00, 0.00, 0.00, 0.00, 0.00, 0.00, 1.00, 2.00, 4.00, 5.00, 9.00, 9.00, 9.00, 9.00, 8.00, 6.00, 4.00, 2.00, 1.00, 0.00, 0.00, 0.00, 0.00, 0.00
"PARQUE SOLAR HONDA II",0.00, 0.00, 0.00, 0.00, 0.00, 0.00, 1.00, 2.00, 3.00, 4.00, 6.00, 9.00, 9.00, 9.00, 6.00, 6.00, 5.00, 2.00, 1.00, 0.00, 0.00, 0.00, 0.00, 0.00
"PARQUE SOLAR INTI I",0.00, 0.00, 0.00, 0.00, 0.00, 0.00, 1.20, 1.90, 2.80, 5.30, 5.20, 2.70, 3.90, 8.10, 6.40, 3.40, 1.80, 0.80, 0.00, 0.00, 0.00, 0.00, 0.00, 0.00
"PARQUE SOLAR LA MENA",0.00, 0.00, 0.00, 0.00, 0.00, 0.01, 0.03, 0.24, 0.36, 0.51, 0.63, 0.54, 0.61, 0.20, 0.10, 0.00, 0.00, 0.00, 0.00, 0.00, 0.00, 0.00, 0.00, 0.00
"PARQUE SOLAR LA UNION",0.00, 0.00, 0.00, 0.00, 0.00, 0.00, 24.00, 68.00, 99.00, 100.00, 100.00, 100.00, 100.00, 100.00, 100.00, 100.00, 78.00, 27.00, 0.00, 0.00, 0.00, 0.00, 0.00, 0.00
"PARQUE SOLAR NISPEROS",0.00, 0.00, 0.00, 0.00, 0.00, 0.00, 5.00, 6.00, 8.00, 14.00, 16.00, 10.00, 9.00, 14.00, 12.00, 8.00, 4.00, 0.00, 0.00, 0.00, 0.00, 0.00, 0.00, 0.00
"PARQUE SOLAR PUERTA DE ORO",0.00, 0.00, 0.00, 0.00, 0.00, 0.00, 11.00, 50.00, 112.00, 171.00, 251.00, 265.00, 272.00, 257.00, 205.00, 158.00, 79.00, 32.00, 1.00, 0.00, 0.00, 0.00, 0.00, 0.00
"PARQUE SOLAR SABANA",0.00, 0.00, 0.00, 0.00, 0.00, 1.00, 6.00, 8.00, 9.00, 9.00, 9.00, 9.00, 9.00, 9.00, 8.00, 6.00, 1.00, 0.00, 0.00, 0.00, 0.00, 0.00, 0.00, 0.00
"PARQUE SOLAR TEPUY",0.00, 0.00, 0.00, 0.00, 0.00, 0.00, 6.00, 34.00, 63.00, 74.00, 78.00, 80.00, 81.00, 78.00, 69.00, 55.00, 38.00, 6.00, 0.00, 0.00, 0.00, 0.00, 0.00, 0.00
"PARQUE SOLAR URRA",0.00, 0.00, 0.00, 0.00, 0.00, 0.00, 0.00, 0.00, 0.00, 0.00, 0.00, 0.00, 0.00, 0.00, 0.00, 0.00, 0.00, 0.00, 0.00, 0.00, 0.00, 0.00, 0.00, 0.00
"PARQUE SOLAR VERSALLES",0.00, 0.00, 0.00, 0.00, 0.00, 0.01, 0.03, 0.24, 0.36, 0.51, 0.63, 0.54, 0.61, 0.20, 0.10, 0.00, 0.00, 0.00, 0.00, 0.00, 0.00, 0.00, 0.00, 0.00
"PASTALES",0.52, 0.52, 0.52, 0.52, 0.52, 0.52, 0.52, 0.52, 0.52, 0.52, 0.52, 0.52, 0.52, 0.52, 0.52, 0.52, 0.52, 0.52, 0.52, 0.52, 0.52, 0.52, 0.52, 0.52
"PATICO - LA CABRERA",0.71, 0.70, 0.70, 0.71, 0.71, 0.72, 0.76, 0.77, 0.73, 0.65, 0.69, 0.69, 0.69, 0.69, 0.68, 0.68, 0.70, 0.72, 0.70, 0.70, 0.72, 0.75, 0.78, 0.77
"PCH LA LIBERTAD",0.21, 0.21, 0.21, 0.21, 0.21, 0.21, 0.21, 0.21, 0.21, 0.21, 0.21, 0.21, 0.21, 0.21, 0.21, 0.21, 0.21, 0.21, 0.21, 0.21, 0.21, 0.21, 0.21, 0.21
"PCH LA NOQUE",5.00, 5.00, 5.00, 5.00, 5.00, 5.00, 5.00, 5.00, 5.00, 5.00, 5.00, 5.00, 5.00, 5.00, 5.00, 5.00, 5.00, 5.00, 5.00, 5.00, 5.00, 5.00, 5.00, 5.00
"PETALO DE CORDOBA II",0.00, 0.00, 0.00, 0.00, 0.00, 0.00, 0.19, 2.41, 5.37, 7.69, 8.08, 7.49, 6.88, 7.33, 6.22, 5.90, 4.43, 1.05, 0.00, 0.00, 0.00, 0.00, 0.00, 0.00
"PETALO DEL MAGDALENA",0.00, 0.00, 0.00, 0.00, 0.00, 0.00, 1.00, 6.00, 7.00, 7.00, 8.00, 8.00, 9.00, 9.00, 9.00, 8.00, 6.00, 1.00, 0.00, 0.00, 0.00, 0.00, 0.00, 0.00
"PETALO DEL NORTE DE SANTANDER I",0.00, 0.00, 0.00, 0.00, 0.00, 0.00, 1.89, 4.77, 8.94, 12.76, 16.05, 17.79, 16.05, 13.62, 10.58, 7.52, 4.31, 1.19, 0.00, 0.00, 0.00, 0.00, 0.00, 0.00
"PLANTA FV DONA JUANA",0.00, 0.00, 0.00, 0.00, 0.00, 0.09, 1.10, 3.20, 4.20, 3.80, 4.30, 3.90, 3.90, 4.20, 2.70, 1.30, 0.50, 0.01, 0.00, 0.00, 0.00, 0.00, 0.00, 0.00
"PLANTA SOLAR BAYUNCA I",0.00, 0.00, 0.00, 0.00, 0.00, 0.10, 0.70, 1.60, 2.10, 2.20, 2.10, 2.40, 2.40, 2.20, 1.80, 1.00, 0.30, 0.00, 0.00, 0.00, 0.00, 0.00, 0.00, 0.00
"PLANTA SOLAR SAN FRANCISCO",0.00, 0.00, 0.00, 0.00, 0.00, 0.00, 0.00, 0.00, 0.00, 0.00, 0.00, 0.00, 0.00, 0.00, 0.00, 0.00, 0.00, 0.00, 0.00, 0.00, 0.00, 0.00, 0.00, 0.00
"PLAYAS",201.00, 201.00, 201.00, 201.00, 201.00, 201.00, 201.00, 201.00, 201.00, 201.00, 201.00, 201.00, 201.00, 201.00, 201.00, 201.00, 201.00, 201.00, 201.00, 201.00, 201.00, 201.00, 201.00, 201.00
"POCUNE",1.00, 1.00, 1.00, 1.00, 1.00, 1.00, 1.00, 1.00, 1.00, 1.00, 1.00, 1.00, 1.00, 1.00, 1.00, 1.00, 1.00, 1.00, 1.00, 1.00, 1.00, 1.00, 1.00, 1.00
"POLARIS I",0.00, 0.00, 0.00, 0.00, 0.00, 0.01, 0.30, 0.60, 0.60, 0.70, 0.70, 0.80, 0.70, 0.70, 0.70, 0.30, 0.10, 0.05, 0.00, 0.00, 0.00, 0.00, 0.00, 0.00
"PORCE II",405.00, 405.00, 405.00, 405.00, 405.00, 405.00, 405.00, 270.00, 270.00, 270.00, 270.00, 270.00, 270.00, 270.00, 270.00, 270.00, 270.00, 270.00, 270.00, 270.00, 270.00, 270.00, 270.00, 270.00
"PORCE III",0.00, 0.00, 0.00, 0.00, 0.00, 0.00, 0.00, 0.00, 0.00, 0.00, 0.00, 0.00, 0.00, 0.00, 0.00, 56.09, 444.15, 651.87, 700.00, 700.00, 700.00, 700.00, 466.65, 0.00
"PORCE III MENOR",1.50, 1.50, 1.50, 1.50, 1.50, 1.50, 1.50, 1.50, 1.50, 1.50, 1.50, 1.50, 1.50, 1.50, 1.50, 1.50, 1.50, 1.50, 1.50, 1.50, 1.50, 1.50, 1.50, 1.50
"PORTON DEL SOL",0.00, 0.00, 0.00, 0.00, 0.00, 0.00, 1.00, 24.00, 72.00, 86.00, 92.00, 96.00, 88.00, 87.00, 53.00, 42.00, 51.00, 33.00, 0.00, 0.00, 0.00, 0.00, 0.00, 0.00
"POWER PLANT DRUMMOND",0.00, 0.00, 0.00, 0.00, 0.00, 0.00, 0.00, 0.04, 1.14, 1.96, 3.00, 3.67, 11.45, 3.62, 2.33, 0.69, 0.07, 0.00, 0.00, 0.00, 0.00, 0.00, 0.00, 0.00
"PRADO",0.00, 0.00, 0.00, 0.00, 0.00, 0.00, 0.00, 0.00, 0.00, 0.00, 0.00, 0.00, 0.00, 0.00, 0.00, 0.00, 0.00, 0.00, 0.00, 0.00, 0.00, 0.00, 0.00, 0.00
"PRADO IV",5.00, 5.00, 5.00, 5.00, 5.00, 5.00, 5.00, 5.00, 5.00, 5.00, 5.00, 5.00, 5.00, 5.00, 5.00, 5.00, 5.00, 5.00, 5.00, 5.00, 5.00, 5.00, 5.00, 5.00
"PROELECTRICA 1",0.00, 0.00, 0.00, 0.00, 0.00, 0.00, 0.00, 0.00, 0.00, 0.00, 0.00, 0.00, 0.00, 0.00, 0.00, 0.00, 0.00, 0.00, 0.00, 0.00, 0.00, 0.00, 0.00, 0.00
"PROELECTRICA 2",0.00, 0.00, 0.00, 0.00, 0.00, 0.00, 0.00, 0.00, 0.00, 0.00, 0.00, 0.00, 0.00, 0.00, 0.00, 0.00, 0.00, 0.00, 0.00, 0.00, 0.00, 0.00, 0.00, 0.00
"PROENCA II",0.00, 0.00, 0.00, 0.00, 0.00, 0.00, 0.00, 0.00, 0.00, 0.00, 0.00, 0.00, 0.00, 0.00, 0.00, 0.00, 0.00, 0.00, 0.00, 0.00, 0.00, 0.00, 0.00, 0.00
"PROVIDENCIA",0.00, 0.00, 0.00, 0.00, 0.00, 0.00, 0.00, 0.00, 0.00, 0.00, 0.00, 0.00, 0.61, 4.28, 3.04, 0.00, 0.00, 0.00, 0.00, 0.00, 0.00, 0.00, 0.00, 0.00
"PUENTE GUILLERMO",2.00, 2.00, 2.00, 2.00, 2.00, 2.00, 2.00, 2.00, 2.00, 2.00, 2.00, 2.00, 2.00, 2.00, 2.00, 2.00, 2.00, 2.00, 2.00, 2.00, 2.00, 2.00, 2.00, 2.00
"REMEDIOS",0.29, 0.29, 0.29, 0.29, 0.29, 0.29, 0.29, 0.29, 0.29, 0.29, 0.29, 0.29, 0.29, 0.29, 0.29, 0.29, 0.29, 0.29, 0.29, 0.29, 0.29, 0.29, 0.29, 0.29
"RIO BOBO",2.50, 2.50, 2.50, 2.50, 2.50, 2.50, 2.50, 2.50, 2.50, 2.50, 2.50, 2.50, 2.50, 2.50, 2.50, 2.50, 2.50, 2.50, 2.50, 2.50, 2.50, 2.50, 2.50, 2.50
"RIO CALI",1.00, 1.00, 1.00, 1.00, 1.00, 1.00, 1.00, 1.00, 1.00, 1.00, 1.00, 1.00, 1.00, 1.00, 1.00, 1.00, 1.00, 1.00, 1.00, 1.00, 1.00, 1.00, 1.00, 1.00
"RIO FRIO I",0.70, 0.70, 0.70, 0.70, 0.70, 0.70, 0.70, 0.70, 0.70, 0.70, 0.70, 0.70, 0.70, 0.70, 0.70, 0.70, 0.70, 0.70, 0.70, 0.70, 0.70, 0.70, 0.70, 0.70
"RIO FRIO II",6.00, 6.00, 6.00, 6.00, 6.00, 6.00, 6.00, 7.00, 7.00, 6.00, 6.00, 6.00, 6.00, 6.00, 6.00, 6.00, 6.00, 6.00, 6.00, 6.00, 6.00, 6.00, 6.00, 6.00
"RIO GRANDE",0.30, 0.30, 0.30, 0.30, 0.30, 0.30, 0.30, 0.30, 0.30, 0.30, 0.30, 0.30, 0.30, 0.30, 0.30, 0.30, 0.30, 0.30, 0.30, 0.30, 0.30, 0.30, 0.30, 0.30
"RIO MAYO",6.60, 6.60, 6.60, 6.60, 6.60, 12.60, 19.20, 19.80, 19.80, 19.80, 19.80, 18.60, 6.60, 6.60, 6.60, 6.60, 18.60, 19.80, 19.80, 19.80, 19.80, 19.80, 19.80, 19.80
"RIO PALO",1.03, 1.03, 1.01, 1.00, 1.02, 1.01, 1.00, 1.03, 0.97, 0.95, 0.98, 0.99, 0.98, 1.06, 1.07, 1.06, 1.04, 0.98, 1.01, 1.00, 1.03, 1.04, 1.04, 1.04
"RIO PIEDRAS",10.00, 10.00, 10.00, 10.00, 10.00, 10.00, 10.00, 10.00, 10.00, 10.00, 10.00, 10.00, 10.00, 10.00, 10.00, 10.00, 10.00, 10.00, 10.00, 10.00, 10.00, 10.00, 10.00, 10.00
"RIO RECIO",0.34, 0.34, 0.34, 0.34, 0.34, 0.34, 0.34, 0.34, 0.34, 0.34, 0.34, 0.34, 0.34, 0.34, 0.34, 0.34, 0.34, 0.34, 0.34, 0.34, 0.34, 0.34, 0.34, 0.34
"RIO SAPUYES",1.40, 1.40, 1.40, 1.40, 1.40, 1.40, 1.40, 1.40, 1.40, 1.40, 1.40, 1.40, 1.40, 1.40, 1.40, 1.40, 1.40, 1.40, 1.40, 1.40, 1.40, 1.40, 1.40, 1.40
"RIOFRIO (TAMESIS)",0.00, 0.00, 0.00, 0.00, 0.00, 0.00, 0.00, 0.00, 0.00, 0.00, 0.00, 0.00, 0.00, 0.00, 0.00, 0.00, 0.00, 0.00, 0.00, 0.00, 0.00, 0.00, 0.00, 0.00
"RIOGRANDE I",0.00, 0.00, 0.00, 0.00, 0.00, 0.00, 0.00, 0.00, 0.00, 0.00, 0.00, 0.00, 0.00, 0.00, 0.00, 0.00, 0.00, 0.00, 0.00, 0.00, 0.00, 0.00, 0.00, 0.00
"RIONEGRO",9.00, 9.00, 9.00, 9.00, 8.00, 8.00, 8.00, 7.00, 7.00, 8.00, 9.00, 8.00, 8.00, 9.00, 9.00, 9.00, 9.00, 9.00, 8.00, 9.00, 9.00, 9.00, 9.00, 9.00
"ROKRA",0.00, 0.00, 0.00, 0.00, 0.00, 0.01, 0.42, 1.83, 3.77, 5.63, 6.74, 7.82, 8.08, 7.27, 6.16, 4.62, 2.46, 0.51, 0.00, 0.00, 0.00, 0.00, 0.00, 0.00
"ROVIRA",0.00, 0.00, 0.00, 0.00, 0.00, 0.32, 1.60, 2.24, 2.70, 3.00, 3.10, 3.10, 2.50, 2.17, 2.00, 1.26, 0.21, 0.14, 0.00, 0.00, 0.00, 0.00, 0.00, 0.00
"RUMOR",1.20, 1.20, 1.20, 1.20, 1.20, 1.20, 1.20, 1.20, 1.20, 1.20, 1.20, 1.20, 1.20, 1.20, 1.20, 1.20, 1.20, 1.20, 1.20, 1.20, 1.20, 1.20, 1.20, 1.20
"SAJANDI",2.46, 2.46, 2.40, 2.08, 2.43, 2.45, 2.45, 2.47, 2.47, 2.46, 2.52, 2.36, 2.59, 2.54, 2.14, 2.48, 2.48, 2.01, 2.46, 2.44, 2.44, 2.43, 2.29, 2.28
"SALTO II",0.00, 0.00, 0.00, 0.00, 0.00, 0.00, 0.00, 0.00, 0.00, 0.00, 0.00, 0.00, 0.00, 0.00, 0.00, 0.00, 0.00, 0.00, 0.00, 0.00, 0.00, 0.00, 0.00, 0.00
"SALVAJINA",0.00, 0.00, 0.00, 0.00, 0.00, 0.00, 0.00, 0.00, 0.00, 0.00, 0.00, 0.00, 0.00, 0.00, 0.00, 0.00, 0.00, 0.00, 0.00, 0.00, 0.00, 0.00, 0.00, 0.00
"SAN ANDRES DE CUERQUIA",10.00, 10.00, 10.00, 10.00, 10.00, 10.00, 10.00, 10.00, 10.00, 10.00, 10.00, 10.00, 10.00, 12.00, 10.00, 10.00, 10.00, 10.00, 10.00, 10.00, 10.00, 10.00, 10.00, 10.00
"SAN BARTOLOME",18.00, 18.00, 18.00, 18.00, 18.00, 18.00, 18.00, 18.00, 18.00, 18.00, 18.00, 18.00, 18.00, 18.00, 18.00, 18.00, 18.00, 18.00, 18.00, 18.00, 18.00, 18.00, 18.00, 18.00
"SAN CANCIO",0.00, 0.00, 0.00, 0.00, 0.00, 0.00, 0.00, 0.00, 0.00, 0.00, 0.00, 0.00, 0.00, 0.00, 0.00, 0.00, 0.00, 0.00, 0.00, 0.00, 0.00, 0.00, 0.00, 0.00
"SAN CARLOS",1240.00, 1240.00, 1240.00, 1240.00, 1240.00, 1240.00, 1240.00, 1240.00, 1240.00, 1240.00, 1240.00, 1240.00, 1240.00, 1240.00, 1240.00, 1240.00, 1240.00, 1240.00, 1240.00, 1240.00, 1240.00, 1240.00, 1240.00, 1240.00
"SAN FRANCISCO",0.00, 0.00, 0.00, 0.00, 0.00, 0.00, 0.00, 90.00, 90.00, 90.00, 0.00, 0.00, 0.00, 0.00, 0.00, 0.00, 0.00, 0.00, 90.00, 90.00, 90.00, 0.00, 0.00, 0.00
"SAN FRANCISCO (PUTUMAYO)",0.35, 0.35, 0.35, 0.35, 0.35, 0.35, 0.35, 0.35, 0.35, 0.35, 0.35, 0.35, 0.35, 0.35, 0.35, 0.35, 0.35, 0.35, 0.35, 0.35, 0.35, 0.35, 0.35, 0.35
"SAN JOSE",0.00, 0.00, 0.00, 0.00, 0.00, 0.00, 0.00, 0.00, 0.00, 0.00, 0.00, 0.00, 0.00, 0.00, 0.00, 0.00, 0.00, 0.00, 0.00, 0.00, 0.00, 0.00, 0.00, 0.00
"SAN JOSE DE LA MONTAÑA",0.28, 0.28, 0.28, 0.28, 0.28, 0.28, 0.28, 0.28, 0.28, 0.28, 0.28, 0.28, 0.28, 0.28, 0.28, 0.28, 0.28, 0.28, 0.28, 0.28, 0.28, 0.28, 0.28, 0.28
"SAN JOSE DE LA MONTAÑA II",0.00, 0.00, 0.00, 0.00, 0.00, 0.00, 0.00, 0.00, 0.00, 0.00, 0.00, 0.00, 0.00, 0.00, 0.00, 0.00, 0.00, 0.00, 0.00, 0.00, 0.00, 0.00, 0.00, 0.00
"SAN MATIAS",11.54, 11.54, 11.54, 11.54, 11.54, 11.54, 11.54, 11.54, 11.54, 11.54, 11.54, 11.54, 11.54, 11.54, 11.54, 11.54, 11.54, 11.54, 11.54, 11.54, 11.54, 11.54, 11.54, 11.54
"SAN MIGUEL",25.00, 25.00, 25.00, 25.00, 25.00, 25.00, 25.00, 25.00, 25.00, 25.00, 25.00, 25.00, 25.00, 25.00, 25.00, 25.00, 25.00, 25.00, 25.00, 25.00, 25.00, 25.00, 25.00, 25.00
"SAN ONOFRE",0.00, 0.00, 0.00, 0.00, 0.00, 0.01, 0.30, 0.60, 0.60, 0.70, 0.70, 0.80, 0.70, 0.70, 0.70, 0.30, 0.10, 0.05, 0.00, 0.00, 0.00, 0.00, 0.00, 0.00
"SANTA ANA",4.50, 4.50, 4.50, 4.50, 4.50, 4.50, 4.50, 4.50, 4.50, 4.50, 4.50, 4.50, 4.50, 4.50, 4.50, 4.50, 4.50, 4.50, 4.50, 4.50, 4.50, 4.50, 4.50, 4.50
"SANTA RITA",0.48, 0.48, 0.48, 0.48, 0.48, 0.48, 0.48, 0.48, 0.48, 0.48, 0.48, 0.48, 0.48, 0.48, 0.48, 0.48, 0.48, 0.48, 0.48, 0.48, 0.48, 0.48, 0.48, 0.48
"SANTIAGO",1.88, 1.88, 1.88, 1.88, 1.88, 1.88, 1.88, 1.88, 1.88, 1.88, 1.88, 1.88, 1.88, 1.88, 1.88, 1.88, 1.88, 1.88, 1.88, 1.88, 1.88, 1.88, 1.88, 1.88
"SHANGRI LA",0.00, 0.00, 0.00, 0.00, 0.00, 0.00, 19.00, 61.00, 91.00, 107.00, 121.00, 129.00, 125.00, 114.00, 100.00, 78.00, 38.00, 5.00, 0.00, 0.00, 0.00, 0.00, 0.00, 0.00
"SILVIA",0.32, 0.32, 0.32, 0.32, 0.32, 0.32, 0.32, 0.32, 0.31, 0.31, 0.30, 0.29, 0.30, 0.30, 0.31, 0.30, 0.31, 0.30, 0.31, 0.32, 0.32, 0.32, 0.32, 0.32
"SINCE",0.00, 0.00, 0.00, 0.00, 0.00, 0.00, 2.00, 13.00, 13.00, 17.00, 18.00, 18.00, 18.00, 18.00, 17.00, 16.00, 12.00, 2.00, 0.00, 0.00, 0.00, 0.00, 0.00, 0.00
"SOGAMOSO",0.00, 0.00, 0.00, 0.00, 0.00, 0.00, 0.00, 0.00, 0.00, 0.00, 0.00, 0.00, 0.00, 0.00, 0.00, 0.00, 0.00, 0.00, 598.73, 720.43, 543.90, 0.00, 0.00, 0.00
"SOL DE ZAWADY",0.00, 0.00, 0.00, 0.00, 0.00, 0.00, 2.60, 7.97, 9.28, 9.88, 9.90, 9.90, 9.90, 9.90, 9.90, 9.33, 8.29, 2.86, 0.00, 0.00, 0.00, 0.00, 0.00, 0.00
"SOL Y CIELO I",0.00, 0.00, 0.00, 0.00, 0.00, 0.00, 0.15, 1.29, 3.02, 4.30, 5.20, 5.30, 5.72, 5.43, 4.69, 3.77, 1.99, 0.45, 0.00, 0.00, 0.00, 0.00, 0.00, 0.00
"SOL Y CIELO II",0.00, 0.00, 0.00, 0.00, 0.00, 0.00, 0.01, 0.14, 0.32, 0.46, 0.56, 0.59, 0.61, 0.58, 0.50, 0.40, 0.21, 0.05, 0.00, 0.00, 0.00, 0.00, 0.00, 0.00
"SOL Y CIELO III",0.00, 0.00, 0.00, 0.00, 0.00, 0.00, 0.01, 0.10, 0.29, 0.43, 0.53, 0.52, 0.54, 0.55, 0.48, 0.35, 0.20, 0.04, 0.00, 0.00, 0.00, 0.00, 0.00, 0.00
"SOL Y CIELO IV",0.00, 0.00, 0.00, 0.00, 0.00, 0.00, 0.00, 0.10, 0.27, 0.40, 0.53, 0.54, 0.59, 0.58, 0.50, 0.38, 0.22, 0.04, 0.00, 0.00, 0.00, 0.00, 0.00, 0.00
"SOL Y CIELO V",0.00, 0.00, 0.00, 0.00, 0.00, 0.00, 0.01, 0.11, 0.29, 0.42, 0.50, 0.52, 0.51, 0.54, 0.46, 0.33, 0.19, 0.04, 0.00, 0.00, 0.00, 0.00, 0.00, 0.00
"SOL Y CIELO VI",0.00, 0.00, 0.00, 0.00, 0.00, 0.00, 0.01, 0.11, 0.29, 0.42, 0.49, 0.50, 0.50, 0.52, 0.45, 0.33, 0.19, 0.04, 0.00, 0.00, 0.00, 0.00, 0.00, 0.00
"SOL Y CIELO VII",0.00, 0.00, 0.00, 0.00, 0.00, 0.01, 0.30, 0.60, 0.60, 0.70, 0.80, 0.90, 0.80, 0.70, 0.70, 0.30, 0.10, 0.05, 0.00, 0.00, 0.00, 0.00, 0.00, 0.00
"SOLAR ALEJANDRIA",0.00, 0.00, 0.00, 0.00, 0.00, 0.01, 0.03, 0.24, 0.36, 0.51, 0.63, 0.54, 0.61, 0.20, 0.10, 0.00, 0.00, 0.00, 0.00, 0.00, 0.00, 0.00, 0.00, 0.00
"SOLAR ARDOBELA I",0.00, 0.00, 0.00, 0.00, 0.00, 0.00, 0.00, 2.00, 4.00, 5.00, 6.00, 6.00, 6.00, 5.00, 5.00, 4.00, 2.00, 1.00, 0.00, 0.00, 0.00, 0.00, 0.00, 0.00
"SOLAR ARDOBELA II",0.00, 0.00, 0.00, 0.00, 0.00, 0.00, 0.00, 2.00, 4.00, 5.00, 6.00, 6.00, 6.00, 5.00, 5.00, 4.00, 2.00, 1.00, 0.00, 0.00, 0.00, 0.00, 0.00, 0.00
"SOLAR OLD T",0.00, 0.00, 0.00, 0.00, 0.00, 0.00, 0.62, 3.12, 7.48, 8.73, 8.73, 8.73, 8.11, 7.48, 5.61, 2.49, 1.25, 0.00, 0.00, 0.00, 0.00, 0.00, 0.00, 0.00
"SOLAR PALMASECA I",0.00, 0.00, 0.00, 0.00, 0.00, 0.00, 0.00, 2.00, 4.00, 7.00, 6.00, 7.00, 8.00, 7.00, 3.00, 2.00, 1.00, 0.00, 0.00, 0.00, 0.00, 0.00, 0.00, 0.00
"SOLAR PALMASECA II",0.00, 0.00, 0.00, 0.00, 0.00, 0.00, 0.00, 1.00, 3.00, 5.00, 4.00, 5.00, 6.00, 5.00, 2.00, 1.00, 1.00, 0.00, 0.00, 0.00, 0.00, 0.00, 0.00, 0.00
"SOLAR PLANETA RICA",0.00, 0.00, 0.00, 0.00, 0.00, 0.00, 0.00, 0.00, 0.00, 0.00, 0.00, 0.00, 0.00, 0.00, 0.00, 0.00, 0.00, 0.00, 0.00, 0.00, 0.00, 0.00, 0.00, 0.00
"SOLAR PN I",0.00, 0.00, 0.00, 0.00, 0.00, 0.00, 0.67, 3.34, 8.01, 9.34, 9.34, 9.34, 8.67, 8.01, 6.00, 2.67, 1.33, 0.00, 0.00, 0.00, 0.00, 0.00, 0.00, 0.00
"SONSON",7.50, 7.50, 7.50, 7.50, 7.50, 7.50, 7.50, 7.50, 7.50, 7.50, 7.50, 7.50, 7.50, 7.50, 7.50, 7.50, 7.50, 7.50, 7.50, 7.50, 7.50, 7.50, 7.50, 7.50
"SUBA",2.00, 2.00, 2.00, 2.00, 2.00, 2.00, 2.00, 2.00, 2.00, 2.00, 2.00, 2.00, 2.00, 2.00, 2.00, 2.00, 2.00, 2.00, 2.00, 2.00, 2.00, 2.00, 2.00, 2.00
"SUEVA 2",5.50, 5.50, 5.50, 5.50, 5.50, 5.50, 5.50, 5.50, 5.50, 5.50, 5.50, 5.50, 5.50, 5.50, 5.50, 5.50, 5.50, 5.50, 5.50, 5.50, 5.50, 5.50, 5.50, 5.50
"SUNNORTE",0.00, 0.00, 0.00, 0.00, 0.00, 0.00, 2.00, 9.00, 15.00, 20.00, 22.00, 23.00, 20.00, 20.00, 16.00, 8.00, 6.00, 2.00, 0.00, 0.00, 0.00, 0.00, 0.00, 0.00
"TASAJERO 1",165.00, 165.00, 165.00, 165.00, 165.00, 165.00, 165.00, 165.00, 165.00, 165.00, 165.00, 165.00, 165.00, 165.00, 165.00, 165.00, 165.00, 165.00, 165.00, 165.00, 165.00, 165.00, 165.00, 165.00
"TASAJERO 2",170.00, 170.00, 170.00, 170.00, 170.00, 170.00, 170.00, 170.00, 170.00, 170.00, 170.00, 170.00, 170.00, 170.00, 170.00, 170.00, 170.00, 170.00, 170.00, 170.00, 170.00, 170.00, 170.00, 170.00
"TEBSAB CC",0.00, 0.00, 0.00, 0.00, 0.00, 0.00, 0.00, 0.00, 0.00, 0.00, 0.00, 0.00, 0.00, 0.00, 0.00, 0.00, 0.00, 0.00, 0.00, 0.00, 0.00, 0.00, 0.00, 0.00
"TEQUENDAMA 1",0.00, 0.00, 0.00, 0.00, 0.00, 0.00, 0.00, 0.00, 0.00, 0.00, 0.00, 0.00, 0.00, 0.00, 0.00, 0.00, 0.00, 0.00, 0.00, 0.00, 0.00, 0.00, 0.00, 0.00
"TEQUENDAMA 2",0.00, 0.00, 0.00, 0.00, 0.00, 0.00, 0.00, 0.00, 0.00, 0.00, 0.00, 0.00, 0.00, 0.00, 0.00, 0.00, 0.00, 0.00, 0.00, 0.00, 0.00, 0.00, 0.00, 0.00
"TEQUENDAMA 3",0.00, 0.00, 0.00, 0.00, 0.00, 0.00, 0.00, 0.00, 0.00, 0.00, 0.00, 0.00, 0.00, 0.00, 0.00, 0.00, 0.00, 0.00, 0.00, 0.00, 0.00, 0.00, 0.00, 0.00
"TEQUENDAMA 4",0.00, 0.00, 0.00, 0.00, 0.00, 0.00, 0.00, 0.00, 0.00, 0.00, 0.00, 0.00, 0.00, 0.00, 0.00, 0.00, 0.00, 0.00, 0.00, 0.00, 0.00, 0.00, 0.00, 0.00
"TEQUENDAMA BIOGAS",0.00, 0.00, 0.00, 0.00, 0.00, 0.00, 0.00, 0.00, 0.00, 0.00, 0.00, 0.00, 0.00, 0.00, 0.00, 0.00, 0.00, 0.00, 0.00, 0.00, 0.00, 0.00, 0.00, 0.00
"TERMOBOLIVAR",0.00, 0.00, 0.00, 0.00, 0.00, 0.00, 0.00, 0.00, 0.00, 0.00, 0.00, 0.00, 0.00, 0.00, 0.00, 0.00, 0.00, 0.00, 0.00, 0.00, 0.00, 0.00, 0.00, 0.00
"TERMOCANDELARIA CC",0.00, 0.00, 0.00, 0.00, 0.00, 0.00, 0.00, 0.00, 0.00, 0.00, 0.00, 0.00, 0.00, 0.00, 157.94, 555.00, 555.00, 555.00, 555.00, 555.00, 555.00, 555.00, 555.00, 436.17
"TERMOCAPACHOS",0.00, 0.00, 0.00, 0.00, 0.00, 0.00, 0.00, 0.00, 0.00, 0.00, 0.00, 0.00, 0.00, 0.00, 0.00, 0.00, 0.00, 0.00, 0.00, 0.00, 0.00, 0.00, 0.00, 0.00
"TERMOCARIBE III",0.00, 0.00, 0.00, 0.00, 0.00, 0.00, 0.00, 0.00, 0.00, 0.00, 0.00, 0.00, 0.00, 0.00, 0.00, 0.00, 0.00, 0.00, 0.00, 0.00, 0.00, 0.00, 0.00, 0.00
"TERMOCENTRO CC",0.00, 0.00, 0.00, 0.00, 0.00, 0.00, 0.00, 0.00, 0.00, 0.00, 0.00, 0.00, 0.00, 0.00, 0.00, 0.00, 0.00, 0.00, 0.00, 0.00, 0.00, 0.00, 0.00, 0.00
"TERMODORADA 1",0.00, 0.00, 0.00, 0.00, 0.00, 0.00, 0.00, 0.00, 0.00, 0.00, 0.00, 0.00, 0.00, 0.00, 0.00, 0.00, 0.00, 0.00, 0.00, 0.00, 0.00, 0.00, 0.00, 0.00
"TERMOEMCALI CC",0.00, 0.00, 0.00, 0.00, 0.00, 0.00, 0.00, 0.00, 0.00, 0.00, 0.00, 0.00, 0.00, 0.00, 0.00, 0.00, 0.00, 0.00, 0.00, 0.00, 0.00, 0.00, 0.00, 0.00
"TERMOFENIX I",0.00, 0.00, 0.00, 0.00, 0.00, 0.00, 0.00, 0.00, 0.00, 0.00, 0.00, 0.00, 0.00, 0.00, 0.00, 0.00, 0.00, 0.00, 0.00, 0.00, 0.00, 0.00, 0.00, 0.00
"TERMOMECHERO 4",0.00, 0.00, 0.00, 0.00, 0.00, 0.00, 0.00, 0.00, 0.00, 0.00, 0.00, 0.00, 0.00, 0.00, 0.00, 0.00, 0.00, 0.00, 0.00, 0.00, 0.00, 0.00, 0.00, 0.00
"TERMOMECHERO 5",0.00, 0.00, 0.00, 0.00, 0.00, 0.00, 0.00, 0.00, 0.00, 0.00, 0.00, 0.00, 0.00, 0.00, 0.00, 0.00, 0.00, 0.00, 0.00, 0.00, 0.00, 0.00, 0.00, 0.00
"TERMOMECHERO 6",0.00, 0.00, 0.00, 0.00, 0.00, 0.00, 0.00, 0.00, 0.00, 0.00, 0.00, 0.00, 0.00, 0.00, 0.00, 0.00, 0.00, 0.00, 0.00, 0.00, 0.00, 0.00, 0.00, 0.00
"TERMONORTE",0.00, 0.00, 0.00, 0.00, 0.00, 0.00, 0.00, 0.00, 0.00, 0.00, 0.00, 0.00, 0.00, 0.00, 0.00, 0.00, 0.00, 0.00, 0.00, 0.00, 0.00, 0.00, 0.00, 0.00
"TERMOPIEDRAS",3.75, 3.75, 3.75, 3.75, 3.75, 3.75, 3.75, 3.75, 3.75, 3.75, 3.75, 3.75, 3.75, 3.75, 3.75, 3.75, 3.75, 3.75, 3.75, 3.75, 3.75, 3.75, 3.75, 3.75
"TERMOSARAVENA",0.00, 0.00, 0.00, 0.00, 0.00, 0.00, 0.00, 0.00, 0.00, 0.00, 0.00, 0.00, 0.00, 0.00, 0.00, 0.00, 0.00, 0.00, 0.00, 0.00, 0.00, 0.00, 0.00, 0.00
"TERMOSIERRA CC",0.00, 0.00, 0.00, 0.00, 0.00, 0.00, 0.00, 0.00, 0.00, 0.00, 0.00, 0.00, 0.00, 0.00, 0.00, 0.00, 0.00, 0.00, 0.00, 0.00, 0.00, 0.00, 0.00, 0.00
"TERMOTASAJERO DOS SOLAR",0.00, 0.00, 0.00, 0.00, 0.00, 0.00, 0.30, 0.50, 1.70, 2.70, 3.40, 3.40, 3.40, 3.40, 2.70, 1.70, 0.40, 0.20, 0.00, 0.00, 0.00, 0.00, 0.00, 0.00
"TERMOVALLE CC",0.00, 0.00, 0.00, 0.00, 0.00, 0.00, 0.00, 0.00, 0.00, 0.00, 0.00, 0.00, 0.00, 0.00, 0.00, 0.00, 0.00, 0.00, 0.00, 0.00, 0.00, 0.00, 0.00, 0.00
"TERMOYOPAL 1",8.00, 8.00, 8.00, 8.00, 8.00, 8.00, 8.00, 8.00, 8.00, 8.00, 8.00, 8.00, 8.00, 8.00, 8.00, 8.00, 8.00, 8.00, 8.00, 8.00, 8.00, 8.00, 8.00, 8.00
"TERMOYOPAL 2",26.00, 26.00, 26.00, 26.00, 26.00, 26.00, 26.00, 26.00, 26.00, 26.00, 25.00, 25.00, 25.00, 25.00, 25.00, 25.00, 25.00, 26.00, 26.00, 26.00, 26.00, 26.00, 26.00, 26.00
"TERMOYOPAL G3",0.00, 0.00, 0.00, 0.00, 0.00, 0.00, 0.00, 0.00, 0.00, 0.00, 0.00, 0.00, 0.00, 0.00, 0.00, 0.00, 0.00, 0.00, 0.00, 0.00, 0.00, 0.00, 0.00, 0.00
"TERMOYOPAL G4",0.00, 0.00, 0.00, 0.00, 0.00, 0.00, 0.00, 0.00, 0.00, 0.00, 0.00, 0.00, 0.00, 0.00, 0.00, 0.00, 0.00, 0.00, 0.00, 0.00, 0.00, 0.00, 0.00, 0.00
"TERMOYOPAL G5",0.00, 0.00, 0.00, 0.00, 0.00, 0.00, 0.00, 0.00, 0.00, 0.00, 0.00, 0.00, 0.00, 0.00, 0.00, 0.00, 0.00, 0.00, 0.00, 0.00, 0.00, 0.00, 0.00, 0.00
"TESORITO",0.00, 0.00, 0.00, 0.00, 0.00, 0.00, 0.00, 0.00, 0.00, 0.00, 0.00, 0.00, 0.00, 0.00, 0.00, 0.00, 0.00, 0.00, 0.00, 0.00, 0.00, 0.00, 0.00, 0.00
"TIERRA LINDA",0.00, 0.00, 0.00, 0.00, 0.00, 0.00, 1.00, 2.00, 3.00, 4.00, 9.00, 9.00, 9.00, 9.00, 6.00, 6.00, 6.00, 2.00, 1.00, 0.00, 0.00, 0.00, 0.00, 0.00
"TRINA-VATIA BSLI",0.00, 0.00, 0.00, 0.00, 0.00, 0.00, 3.09, 4.94, 7.96, 10.34, 12.36, 12.16, 11.68, 12.33, 11.89, 9.74, 5.55, 0.00, 0.00, 0.00, 0.00, 0.00, 0.00, 0.00
"TRINA-VATIA BSLII",0.00, 0.00, 0.00, 0.00, 0.00, 0.00, 3.09, 4.94, 7.96, 10.34, 12.36, 12.16, 11.68, 12.33, 11.89, 9.74, 5.55, 0.00, 0.00, 0.00, 0.00, 0.00, 0.00, 0.00
"TRINA-VATIA BSLIII",0.00, 0.00, 0.00, 0.00, 0.00, 0.00, 3.09, 4.94, 7.96, 10.34, 12.36, 12.16, 11.68, 12.33, 11.89, 9.74, 5.55, 0.00, 0.00, 0.00, 0.00, 0.00, 0.00, 0.00
"TUNJITA",19.60, 19.60, 19.60, 19.60, 19.60, 19.60, 19.60, 19.60, 19.60, 19.60, 19.60, 19.60, 19.60, 19.60, 19.60, 19.60, 19.60, 19.60, 19.60, 19.60, 19.60, 19.60, 19.60, 19.60
"TZ II",0.00, 0.00, 0.00, 0.00, 0.00, 0.00, 0.00, 0.00, 0.00, 0.00, 0.00, 0.00, 0.00, 0.00, 0.00, 0.00, 0.00, 0.00, 0.00, 0.00, 0.00, 0.00, 0.00, 0.00
"UNION",0.60, 0.60, 0.60, 0.60, 0.60, 0.60, 0.60, 0.60, 0.60, 0.60, 0.60, 0.60, 0.60, 0.60, 0.60, 0.60, 0.60, 0.60, 0.60, 0.60, 0.60, 0.60, 0.60, 0.00
"URRA",130.00, 130.00, 130.00, 130.00, 130.00, 130.00, 130.00, 130.00, 130.00, 130.00, 130.00, 130.00, 130.00, 130.00, 130.00, 130.00, 213.00, 213.00, 213.00, 213.00, 213.00, 213.00, 213.00, 213.00
"URRAO",0.40, 0.40, 0.40, 0.40, 0.40, 0.40, 0.40, 0.40, 0.40, 0.40, 0.40, 0.40, 0.40, 0.40, 0.40, 0.40, 0.40, 0.40, 0.40, 0.40, 0.40, 0.40, 0.40, 0.40
"URUACO",0.00, 0.00, 0.00, 0.00, 0.00, 0.01, 0.30, 0.60, 0.60, 0.70, 0.70, 0.80, 0.70, 0.70, 0.70, 0.30, 0.01, 0.05, 0.00, 0.00, 0.00, 0.00, 0.00, 0.00
"USAQUEN",0.40, 0.40, 0.40, 0.40, 0.40, 0.40, 0.40, 0.40, 0.40, 0.40, 0.40, 0.40, 0.40, 0.40, 0.40, 0.40, 0.40, 0.40, 0.40, 0.40, 0.40, 0.40, 0.40, 0.40
"VALLEDUPAR I",0.00, 0.00, 0.00, 0.00, 0.00, 0.00, 3.00, 10.00, 0.00, 0.00, 0.00, 0.00, 0.00, 1.00, 11.00, 11.00, 7.00, 1.00, 0.00, 0.00, 0.00, 0.00, 0.00, 0.00
"VALLEDUPAR II",0.00, 0.00, 0.00, 0.00, 0.00, 0.00, 4.00, 10.00, 0.00, 0.00, 0.00, 0.00, 0.00, 2.00, 11.00, 11.00, 8.00, 1.00, 0.00, 0.00, 0.00, 0.00, 0.00, 0.00
"VALLEDUPAR III",0.00, 0.00, 0.00, 0.00, 0.00, 0.00, 0.00, 1.00, 2.00, 3.00, 9.00, 9.00, 9.00, 9.00, 9.00, 3.00, 2.00, 1.00, 0.00, 0.00, 0.00, 0.00, 0.00, 0.00
"VENTANA A",2.50, 2.50, 2.50, 2.50, 2.50, 2.50, 2.50, 2.50, 2.50, 2.50, 2.50, 2.50, 2.50, 2.50, 2.50, 2.50, 2.50, 2.50, 2.50, 2.50, 2.50, 2.50, 2.50, 2.50
"VENTANA B",0.00, 0.00, 0.00, 0.00, 0.00, 0.00, 0.00, 0.00, 0.00, 0.00, 0.00, 0.00, 0.00, 0.00, 0.00, 0.00, 0.00, 0.00, 0.00, 0.00, 0.00, 0.00, 0.00, 0.00
"VILLANUEVA",25.00, 25.00, 25.00, 25.00, 25.00, 25.00, 25.00, 25.00, 25.00, 25.00, 25.00, 25.00, 25.00, 25.00, 25.00, 25.00, 25.00, 25.00, 25.00, 25.00, 25.00, 25.00, 25.00, 25.00
"ZAMBRANO II",0.00, 0.00, 0.00, 0.00, 0.00, 0.39, 3.26, 8.60, 11.66, 13.18, 13.87, 14.00, 13.38, 12.91, 9.88, 2.39, 0.40, 0.00, 0.00, 0.00, 0.00, 0.00, 0.00, 0.00
"ZEUS",4.30, 4.30, 4.30, 4.30, 4.30, 4.30, 4.30, 4.30, 4.30, 4.30, 4.30, 4.30, 4.30, 4.30, 4.30, 4.30, 4.30, 4.30, 4.30, 4.30, 4.30, 4.30, 4.30, 4.30
"ZIPAEMG 2",34.00, 34.00, 34.00, 34.00, 34.00, 34.00, 34.00, 34.00, 34.00, 34.00, 34.00, 34.00, 34.00, 34.00, 34.00, 34.00, 34.00, 34.00, 34.00, 34.00, 34.00, 34.00, 34.00, 34.00
"ZIPAEMG 3",58.00, 58.00, 58.00, 58.00, 58.00, 58.00, 58.00, 58.00, 58.00, 58.00, 58.00, 58.00, 58.00, 58.00, 58.00, 58.00, 58.00, 58.00, 58.00, 58.00, 58.00, 58.00, 58.00, 58.00
"ZIPAEMG 4",64.00, 64.00, 64.00, 64.00, 64.00, 64.00, 64.00, 64.00, 64.00, 64.00, 64.00, 64.00, 64.00, 64.00, 64.00, 64.00, 64.00, 64.00, 64.00, 64.00, 64.00, 64.00, 64.00, 64.00
"ZIPAEMG 5",63.00, 63.00, 63.00, 63.00, 63.00, 63.00, 63.00, 63.00, 63.00, 63.00, 63.00, 63.00, 63.00, 63.00, 63.00, 63.00, 63.00, 63.00, 63.00, 63.00, 63.00, 63.00, 63.00, 63.00
