"AGUA FRESCA",7.29, 7.29, 7.29, 7.29, 7.29, 7.29, 7.29, 7.29, 7.29, 7.29, 7.29, 7.29, 7.29, 7.29, 7.29, 7.29, 7.29, 7.29, 7.29, 7.29, 7.29, 7.29, 7.29, 7.29
"ALBAN",269.00, 269.00, 269.00, 269.00, 269.00, 269.00, 269.00, 269.00, 269.00, 269.00, 269.00, 269.00, 269.00, 269.00, 269.00, 269.00, 269.00, 269.00, 269.00, 269.00, 269.00, 269.00, 269.00, 269.00
"ALEJANDRIA",8.58, 8.58, 8.58, 8.58, 8.58, 8.58, 8.58, 8.58, 8.58, 8.58, 8.58, 8.58, 8.58, 8.58, 8.58, 8.58, 8.58, 8.58, 8.58, 8.58, 8.58, 8.58, 8.58, 8.58
"ALMA II",0.00, 0.00, 0.00, 0.00, 0.00, 0.00, 0.90, 3.90, 6.30, 8.10, 9.80, 8.40, 8.10, 8.00, 6.60, 4.50, 1.00, 0.10, 0.00, 0.00, 0.00, 0.00, 0.00, 0.00
"ALTO TULUA",10.00, 8.00, 8.00, 8.00, 8.00, 8.00, 8.00, 8.00, 8.00, 8.00, 8.00, 8.00, 8.00, 8.00, 8.00, 8.00, 8.00, 8.00, 8.00, 8.00, 8.00, 8.00, 0.00, 0.00
"AMAIME",4.00, 4.00, 4.00, 4.00, 4.00, 4.00, 4.00, 4.00, 4.00, 4.00, 4.00, 4.00, 4.00, 4.00, 4.00, 4.00, 4.00, 4.00, 4.00, 4.00, 4.00, 4.00, 0.00, 0.00
"AMALFI",0.45, 0.45, 0.45, 0.45, 0.45, 0.45, 0.45, 0.45, 0.45, 0.45, 0.45, 0.45, 0.45, 0.45, 0.45, 0.45, 0.45, 0.45, 0.45, 0.45, 0.45, 0.45, 0.45, 0.45
"AMERICA",0.20, 0.20, 0.20, 0.20, 0.20, 0.20, 0.20, 0.20, 0.20, 0.20, 0.20, 0.20, 0.20, 0.20, 0.20, 0.20, 0.20, 0.20, 0.20, 0.20, 0.20, 0.20, 0.20, 0.20
"AMOYA LA ESPERANZA",75.00, 75.00, 75.00, 75.00, 75.00, 75.00, 75.00, 75.00, 75.00, 75.00, 75.00, 75.00, 75.00, 75.00, 75.00, 75.00, 75.00, 75.00, 75.00, 75.00, 75.00, 75.00, 75.00, 75.00
"ASNAZU",0.42, 0.42, 0.42, 0.42, 0.42, 0.42, 0.42, 0.42, 0.42, 0.42, 0.42, 0.42, 0.42, 0.42, 0.42, 0.42, 0.42, 0.42, 0.42, 0.42, 0.42, 0.42, 0.42, 0.42
"ATLANTICO",0.00, 0.00, 0.00, 0.00, 0.00, 0.00, 69.00, 69.00, 69.00, 69.00, 69.00, 69.00, 69.00, 69.00, 69.00, 69.00, 69.00, 69.00, 0.00, 0.00, 0.00, 0.00, 0.00, 0.00
"AURES BAJO",9.50, 9.50, 9.50, 9.50, 9.50, 9.50, 9.50, 9.50, 9.00, 9.00, 9.00, 9.00, 9.00, 9.00, 9.00, 9.00, 9.00, 9.00, 9.50, 9.50, 9.50, 9.50, 9.50, 9.50
"AUTOG ARGOS EL CAIRO",6.50, 6.50, 6.50, 6.50, 6.50, 6.50, 6.50, 6.50, 6.50, 6.50, 6.50, 6.50, 6.50, 6.50, 6.50, 6.50, 6.50, 6.50, 6.50, 6.50, 6.50, 6.50, 6.50, 6.50
"AUTOG ARGOS SOGAMOSO",1.40, 1.40, 1.40, 1.40, 1.40, 1.40, 7.20, 7.20, 7.20, 7.20, 7.20, 7.20, 7.20, 7.20, 7.20, 7.20, 7.20, 7.20, 7.20, 7.20, 7.20, 7.20, 7.20, 7.20
"AUTOG ARGOS YUMBO",0.00, 0.00, 0.00, 0.00, 0.00, 0.00, 0.00, 0.00, 0.00, 0.00, 0.00, 0.00, 0.00, 0.00, 0.00, 0.00, 0.00, 0.00, 0.00, 0.00, 0.00, 0.00, 0.00, 0.00
"AUTOG AYURA",10.20, 10.20, 10.20, 10.20, 10.20, 10.20, 10.20, 10.20, 10.20, 10.20, 10.20, 10.20, 10.20, 10.20, 10.20, 10.20, 10.20, 10.20, 10.20, 10.20, 10.20, 10.20, 10.20, 10.20
"AUTOG BIODIANA",3.20, 3.20, 3.20, 3.20, 3.20, 3.20, 3.20, 3.20, 3.20, 3.20, 3.20, 3.20, 3.20, 3.20, 3.20, 3.20, 3.20, 3.20, 3.20, 3.20, 3.20, 3.20, 3.20, 3.20
"AUTOG BIOS CIENAGA ORO",0.00, 0.00, 0.00, 0.00, 0.00, 0.00, 0.00, 0.00, 0.00, 0.00, 0.00, 0.00, 0.00, 0.00, 0.00, 0.00, 0.00, 0.00, 0.00, 0.00, 0.00, 0.00, 0.00, 0.00
"AUTOG BIOS CONTEGRAL CARTAGO",0.00, 0.00, 0.00, 0.00, 0.00, 0.00, 0.00, 0.00, 0.00, 0.00, 0.00, 0.00, 0.00, 0.00, 0.00, 0.00, 0.00, 0.00, 0.00, 0.00, 0.00, 0.00, 0.00, 0.00
"AUTOG BIOS CONTEGRAL NEIVA",0.00, 0.00, 0.00, 0.00, 0.00, 0.00, 0.00, 0.00, 0.00, 0.00, 0.00, 0.00, 0.00, 0.00, 0.00, 0.00, 0.00, 0.00, 0.00, 0.00, 0.00, 0.00, 0.00, 0.00
"AUTOG BIOS FINCA BUGA",0.00, 0.00, 0.00, 0.00, 0.00, 0.00, 0.00, 0.00, 0.00, 0.00, 0.00, 0.00, 0.00, 0.00, 0.00, 0.00, 0.00, 0.00, 0.00, 0.00, 0.00, 0.00, 0.00, 0.00
"AUTOG BUGA I GRASAS",0.00, 0.00, 0.00, 0.00, 0.00, 0.00, 1.00, 1.00, 2.00, 2.00, 2.00, 1.00, 1.00, 0.00, 0.00, 0.00, 0.00, 0.00, 0.00, 0.00, 0.00, 0.00, 0.00, 0.00
"AUTOG BUGA I SOLLA",0.00, 0.00, 0.00, 0.00, 0.00, 0.00, 1.00, 2.00, 2.00, 3.00, 3.00, 1.00, 2.00, 1.00, 0.00, 0.00, 0.00, 0.00, 0.00, 0.00, 0.00, 0.00, 0.00, 0.00
"AUTOG CANTAYUS",3.44, 3.40, 3.34, 3.26, 3.24, 3.24, 3.24, 3.20, 3.16, 3.10, 3.02, 2.96, 2.88, 2.94, 2.86, 2.84, 2.84, 2.80, 2.48, 2.92, 2.88, 2.86, 2.98, 3.18
"AUTOG CARVAJAL GINEBRA",0.00, 0.00, 0.00, 0.00, 0.00, 0.00, 0.00, 0.00, 0.00, 0.14, 0.24, 0.25, 0.31, 0.39, 0.21, 0.05, 0.00, 0.00, 0.00, 0.00, 0.00, 0.00, 0.00, 0.00
"AUTOG CELSIA SOLAR ESCOBAL CEMEX",0.00, 0.00, 0.00, 0.00, 0.00, 0.00, 0.00, 0.00, 0.00, 0.00, 0.00, 0.00, 0.00, 0.00, 0.00, 0.00, 0.00, 0.00, 0.00, 0.00, 0.00, 0.00, 0.00, 0.00
"AUTOG CELSIA SOLAR ESPINAL",0.00, 0.00, 0.00, 0.00, 0.00, 0.00, 0.00, 0.00, 2.00, 7.00, 2.00, 0.00, 0.00, 0.00, 0.00, 0.00, 0.00, 0.00, 0.00, 0.00, 0.00, 0.00, 0.00, 0.00
"AUTOG CELSIA SOLAR HARINAS",0.00, 0.00, 0.00, 0.00, 0.00, 0.00, 0.00, 0.00, 0.00, 0.00, 0.00, 0.00, 0.00, 0.00, 0.00, 0.00, 0.00, 0.00, 0.00, 0.00, 0.00, 0.00, 0.00, 0.00
"AUTOG CELSIA SOLAR LEVAPAN",0.00, 0.00, 0.00, 0.00, 0.00, 0.00, 0.00, 2.00, 2.00, 2.00, 1.00, 0.00, 0.00, 0.00, 0.00, 0.00, 0.00, 0.00, 0.00, 0.00, 0.00, 0.00, 0.00, 0.00
"AUTOG CELSIA SOLAR PALMIRA 3",0.00, 0.00, 0.00, 0.00, 0.00, 0.00, 0.00, 0.00, 0.00, 0.00, 0.00, 0.00, 0.00, 0.00, 0.00, 0.00, 0.00, 0.00, 0.00, 0.00, 0.00, 0.00, 0.00, 0.00
"AUTOG CELSIA SOLAR PALMIRA 3 ZONA FRANCA",0.00, 0.00, 0.00, 0.00, 0.00, 0.00, 0.00, 1.00, 1.00, 1.00, 1.00, 1.00, 1.00, 0.00, 0.00, 0.00, 0.00, 0.00, 0.00, 0.00, 0.00, 0.00, 0.00, 0.00
"AUTOG CELSIA SOLAR TQ JAMUNDI",0.00, 0.00, 0.00, 0.00, 0.00, 0.00, 0.00, 0.00, 0.00, 0.00, 0.00, 0.00, 0.00, 0.00, 0.00, 0.00, 0.00, 0.00, 0.00, 0.00, 0.00, 0.00, 0.00, 0.00
"AUTOG CELSIA SOLAR YUMBO",0.00, 0.00, 0.00, 0.00, 0.00, 0.00, 0.00, 0.00, 0.00, 0.00, 1.00, 0.00, 0.00, 0.00, 0.00, 0.00, 0.00, 0.00, 0.00, 0.00, 0.00, 0.00, 0.00, 0.00
"AUTOG CEMENTOS DEL NARE",8.20, 8.20, 8.20, 8.20, 8.20, 4.50, 4.50, 4.50, 4.50, 4.50, 4.50, 4.50, 4.50, 4.50, 4.50, 4.50, 6.90, 6.90, 6.90, 6.90, 6.90, 6.90, 8.20, 8.20
"AUTOG CI JEANS",0.00, 0.00, 0.00, 0.00, 0.00, 0.00, 0.01, 0.03, 0.16, 0.35, 0.52, 0.51, 0.46, 0.42, 0.46, 0.35, 0.21, 0.07, 0.01, 0.00, 0.00, 0.00, 0.00, 0.00
"AUTOG COCA-COLA FEMSA",0.40, 0.40, 0.40, 0.40, 0.40, 0.40, 0.40, 0.40, 0.40, 0.40, 0.40, 0.40, 0.40, 0.40, 0.40, 0.40, 0.40, 0.40, 0.40, 0.40, 0.40, 0.40, 0.40, 0.40
"AUTOG COMOLSA",0.00, 0.00, 0.00, 0.00, 0.00, 0.00, 0.00, 0.00, 0.00, 0.00, 0.00, 0.00, 0.00, 0.00, 0.00, 0.00, 0.00, 0.00, 0.00, 0.00, 0.00, 0.00, 0.00, 0.00
"AUTOG CORONA SOPO",0.00, 0.00, 0.00, 0.00, 0.00, 0.00, 0.00, 0.00, 0.00, 0.00, 0.03, 0.04, 0.00, 0.00, 0.00, 0.00, 0.00, 0.00, 0.00, 0.00, 0.00, 0.00, 0.00, 0.00
"AUTOG CORPACERO",0.00, 0.00, 0.00, 0.00, 0.00, 0.00, 0.00, 0.00, 0.00, 0.00, 0.00, 0.00, 0.00, 0.00, 0.00, 0.00, 0.00, 0.00, 0.00, 0.00, 0.00, 0.00, 0.00, 0.00
"AUTOG ECOPETROL ORITO",1.00, 1.00, 1.00, 1.00, 1.00, 1.00, 1.00, 1.00, 1.00, 1.00, 1.00, 1.00, 1.00, 1.00, 1.00, 1.00, 1.00, 1.00, 1.00, 1.00, 1.00, 1.00, 1.00, 1.00
"AUTOG EL COPEY",0.00, 0.00, 0.00, 0.00, 0.00, 0.00, 0.10, 1.50, 2.20, 4.50, 5.50, 6.50, 6.60, 6.20, 5.30, 3.50, 2.00, 0.40, 0.00, 0.00, 0.00, 0.00, 0.00, 0.00
"AUTOG GOLOSINAS TRULULU",3.30, 3.30, 3.30, 3.30, 3.30, 3.30, 3.30, 3.30, 3.30, 3.30, 3.30, 3.30, 3.30, 3.30, 3.30, 3.30, 3.30, 3.30, 3.30, 3.30, 3.30, 3.30, 3.30, 3.30
"AUTOG GRAN COLOMBIA GOLD",0.00, 0.00, 0.00, 0.00, 0.00, 0.00, 0.00, 0.00, 0.00, 0.00, 0.00, 0.00, 0.00, 0.00, 0.00, 0.00, 0.00, 0.00, 0.00, 0.00, 0.00, 0.00, 0.00, 0.00
"AUTOG HIDROSOLAR I",0.00, 0.00, 0.00, 0.00, 0.00, 0.00, 0.00, 0.05, 1.76, 2.35, 3.53, 4.58, 4.63, 4.48, 4.46, 3.97, 2.23, 0.20, 0.00, 0.00, 0.00, 0.00, 0.00, 0.00
"AUTOG INGENIO CARMELITA",3.00, 3.00, 3.00, 3.00, 3.00, 3.00, 3.00, 3.00, 3.00, 3.00, 3.00, 3.00, 3.00, 3.00, 3.00, 3.00, 3.00, 3.00, 3.00, 3.00, 3.00, 3.00, 3.00, 3.00
"AUTOG INGENIO MARIA LUISA",0.20, 0.20, 0.20, 0.20, 0.20, 0.20, 0.20, 0.20, 0.20, 0.20, 0.20, 0.20, 0.20, 0.20, 0.20, 0.20, 0.20, 0.20, 0.20, 0.20, 0.20, 0.20, 0.20, 0.20
"AUTOG LOS POCITOS",1.80, 1.80, 1.80, 1.80, 1.80, 1.80, 1.80, 1.80, 1.80, 1.80, 1.80, 1.80, 1.80, 1.80, 1.80, 1.80, 1.80, 1.80, 1.80, 1.80, 1.80, 1.80, 1.80, 1.80
"AUTOG MILPA SAN CARLOS",0.00, 0.00, 0.00, 0.00, 0.00, 0.00, 0.03, 0.26, 0.49, 0.69, 0.71, 0.81, 0.42, 0.49, 0.48, 0.15, 0.05, 0.01, 0.00, 0.00, 0.00, 0.00, 0.00, 0.00
"AUTOG MOLINOS SANTA MARTA",0.00, 0.00, 0.00, 0.00, 0.00, 0.00, 1.00, 1.00, 2.00, 2.00, 2.00, 1.00, 1.00, 1.00, 0.00, 0.00, 0.00, 0.00, 0.00, 0.00, 0.00, 0.00, 0.00, 0.00
"AUTOG PALMERAS DE LA COSTA",0.00, 0.00, 0.00, 0.00, 0.00, 0.00, 0.00, 0.00, 0.00, 0.00, 0.00, 0.00, 0.00, 0.00, 0.00, 0.00, 0.00, 0.00, 0.00, 0.00, 0.00, 0.00, 0.00, 0.00
"AUTOG PINTUCO",0.00, 0.00, 0.00, 0.00, 0.00, 0.00, 0.00, 0.01, 0.03, 0.05, 0.09, 0.10, 0.15, 0.16, 0.15, 0.10, 0.03, 0.01, 0.00, 0.00, 0.00, 0.00, 0.00, 0.00
"AUTOG PTAR BELLO",0.38, 0.40, 0.40, 0.40, 0.40, 0.40, 0.40, 0.40, 0.40, 0.38, 0.38, 0.38, 0.38, 0.38, 0.00, 0.00, 0.00, 0.00, 0.00, 0.00, 0.00, 0.00, 0.00, 0.00
"AUTOG QBCO",0.00, 0.00, 0.00, 0.00, 0.00, 0.00, 0.00, 1.00, 1.00, 2.00, 2.00, 0.00, 1.00, 0.00, 0.00, 0.00, 0.00, 0.00, 0.00, 0.00, 0.00, 0.00, 0.00, 0.00
"AUTOG REFICAR",2.00, 2.00, 2.00, 2.00, 2.00, 2.00, 2.00, 2.00, 2.00, 2.00, 2.00, 2.00, 2.00, 2.00, 2.00, 2.00, 2.00, 2.00, 2.00, 2.00, 2.00, 2.00, 2.00, 2.00
"AUTOG SOLAR AYACUCHO",0.00, 0.00, 0.00, 0.00, 0.00, 0.00, 0.00, 0.00, 0.00, 0.00, 0.00, 0.00, 0.00, 0.00, 0.00, 0.00, 0.00, 0.00, 0.00, 0.00, 0.00, 0.00, 0.00, 0.00
"AUTOG SOLAR PALMIRA",0.00, 0.00, 0.00, 0.00, 0.00, 0.00, 0.00, 0.00, 0.00, 0.00, 0.00, 0.00, 0.00, 0.00, 0.00, 0.00, 0.00, 0.00, 0.00, 0.00, 0.00, 0.00, 0.00, 0.00
"AUTOG SOLAR PALMIRA II BERRY",0.00, 0.00, 0.00, 0.00, 0.00, 0.00, 0.00, 4.00, 4.00, 4.00, 4.00, 4.00, 4.00, 3.00, 0.00, 0.00, 0.00, 0.00, 0.00, 0.00, 0.00, 0.00, 0.00, 0.00
"AUTOG SOLAR VASCONIA",0.00, 0.00, 0.00, 0.00, 0.00, 0.00, 0.00, 0.00, 0.00, 0.00, 0.00, 0.00, 0.00, 0.00, 0.00, 0.00, 0.00, 0.00, 0.00, 0.00, 0.00, 0.00, 0.00, 0.00
"AUTOG TERMOARAUCA",0.00, 0.00, 0.00, 0.00, 0.00, 0.00, 0.00, 0.00, 0.00, 0.00, 0.00, 0.00, 0.00, 0.00, 0.00, 0.00, 0.00, 0.00, 0.00, 0.00, 0.00, 0.00, 0.00, 0.00
"AUTOG TERMOCOROCITO",4.00, 4.00, 4.00, 4.00, 4.00, 4.00, 4.00, 4.00, 4.00, 4.00, 4.00, 4.00, 4.00, 4.00, 4.00, 4.00, 4.00, 4.00, 4.00, 4.00, 4.00, 4.00, 4.00, 4.00
"AUTOG TERMOMACAGUA",4.00, 4.00, 4.00, 4.00, 4.00, 4.00, 4.00, 4.00, 4.00, 4.00, 4.00, 4.00, 4.00, 4.00, 4.00, 4.00, 4.00, 4.00, 4.00, 4.00, 4.00, 4.00, 4.00, 4.00
"AUTOG TERMOTAME",1.40, 1.40, 1.40, 1.40, 1.40, 1.90, 1.90, 1.90, 1.90, 1.90, 1.90, 1.90, 1.90, 1.90, 1.90, 1.90, 1.90, 1.90, 1.90, 1.90, 1.90, 1.90, 1.90, 1.90
"AUTOG TURGAS",3.50, 3.50, 3.50, 3.50, 3.50, 3.50, 3.50, 3.50, 3.50, 3.50, 3.50, 3.50, 3.50, 3.50, 3.50, 3.50, 3.50, 3.50, 3.50, 3.50, 3.50, 3.50, 3.50, 3.50
"AUTOG UNIBOL",0.00, 0.00, 0.00, 0.00, 0.00, 0.00, 0.00, 0.00, 0.00, 0.00, 0.00, 0.00, 0.00, 0.00, 0.00, 0.00, 0.00, 0.00, 0.00, 0.00, 0.00, 0.00, 0.00, 0.00
"AUTOG UNIMINAS",0.00, 0.00, 0.00, 0.00, 0.00, 0.00, 0.00, 0.04, 0.19, 0.31, 0.36, 0.45, 0.24, 0.26, 0.25, 0.07, 0.03, 0.00, 0.00, 0.00, 0.00, 0.00, 0.00, 0.00
"AUTOG YAGUARITO",0.00, 0.00, 0.00, 0.00, 0.00, 0.00, 0.00, 0.00, 0.00, 0.00, 0.00, 0.00, 0.00, 0.00, 0.00, 0.00, 0.00, 0.00, 0.00, 0.00, 0.00, 0.00, 0.00, 0.00
"BAJO TULUA",16.00, 14.00, 14.00, 14.00, 14.00, 14.00, 14.00, 14.00, 14.00, 14.00, 14.00, 14.00, 14.00, 14.00, 14.00, 14.00, 14.00, 14.00, 10.00, 10.00, 10.00, 10.00, 0.00, 0.00
"BARAYA",0.00, 0.00, 0.00, 0.00, 0.00, 0.01, 0.30, 0.60, 0.60, 0.70, 0.70, 0.80, 0.70, 0.70, 0.70, 0.30, 0.01, 0.05, 0.00, 0.00, 0.00, 0.00, 0.00, 0.00
"BARRANQUILLA 3",0.00, 0.00, 0.00, 0.00, 0.00, 0.00, 0.00, 0.00, 0.00, 0.00, 0.00, 0.00, 0.00, 0.00, 0.00, 0.00, 0.00, 0.00, 0.00, 0.00, 0.00, 0.00, 0.00, 0.00
"BARRANQUILLA 4",0.00, 0.00, 0.00, 0.00, 0.00, 0.00, 0.00, 0.00, 0.00, 0.00, 0.00, 0.00, 0.00, 0.00, 0.00, 0.00, 0.00, 0.00, 0.00, 0.00, 0.00, 0.00, 0.00, 0.00
"BARROSO",15.94, 15.94, 15.94, 15.94, 15.94, 15.94, 15.94, 15.94, 15.94, 15.94, 15.94, 15.94, 15.94, 15.94, 15.94, 15.94, 15.94, 15.94, 15.94, 15.94, 15.94, 15.94, 15.94, 15.94
"BAYONA",0.00, 0.00, 0.00, 0.00, 0.00, 0.00, 0.00, 0.00, 0.00, 0.00, 0.00, 0.00, 0.00, 0.00, 0.00, 0.00, 0.00, 0.00, 0.00, 0.00, 0.00, 0.00, 0.00, 0.00
"BELLO",0.00, 0.00, 0.00, 0.00, 0.00, 0.00, 0.00, 0.00, 0.00, 0.00, 0.00, 0.00, 0.00, 0.00, 0.00, 0.00, 0.00, 0.00, 0.00, 0.00, 0.00, 0.00, 0.00, 0.00
"BELMONTE",2.60, 2.60, 2.60, 2.60, 2.60, 2.60, 2.60, 2.60, 2.60, 2.60, 2.60, 2.60, 2.60, 2.60, 2.60, 2.60, 2.60, 2.60, 2.60, 2.60, 2.60, 2.60, 2.60, 2.60
"BETANIA",332.00, 332.00, 332.00, 332.00, 332.00, 332.00, 332.00, 332.00, 332.00, 332.00, 332.00, 332.00, 332.00, 332.00, 332.00, 332.00, 332.00, 332.00, 332.00, 332.00, 332.00, 332.00, 332.00, 332.00
"BIOENERGY",0.00, 0.00, 0.00, 0.00, 0.00, 0.00, 0.00, 0.00, 0.00, 0.00, 0.00, 0.00, 0.00, 0.00, 0.00, 0.00, 0.00, 0.00, 0.00, 0.00, 0.00, 0.00, 0.00, 0.00
"BOSQUES SOLARES DE LOS LLANOS 4",0.00, 0.00, 0.00, 0.00, 0.00, 0.00, 0.00, 6.76, 10.94, 12.55, 12.50, 14.37, 12.87, 9.94, 7.64, 6.65, 4.25, 0.00, 0.00, 0.00, 0.00, 0.00, 0.00, 0.00
"BOSQUES SOLARES DE LOS LLANOS 5",0.00, 0.00, 0.00, 0.00, 0.00, 0.00, 0.00, 6.29, 9.72, 11.35, 12.33, 13.20, 10.38, 8.77, 7.22, 5.72, 3.76, 0.00, 0.00, 0.00, 0.00, 0.00, 0.00, 0.00
"BSB 500",0.00, 0.00, 0.00, 0.00, 0.00, 0.00, 0.00, 4.46, 9.92, 14.17, 15.97, 18.32, 15.81, 14.46, 10.08, 5.02, 3.75, 0.00, 0.00, 0.00, 0.00, 0.00, 0.00, 0.00
"BSB 501",0.00, 0.00, 0.00, 0.00, 0.00, 0.00, 0.00, 4.46, 9.92, 14.17, 15.97, 18.32, 15.81, 14.46, 10.08, 5.02, 3.75, 0.00, 0.00, 0.00, 0.00, 0.00, 0.00, 0.00
"BSB 502",0.00, 0.00, 0.00, 0.00, 0.00, 0.00, 0.00, 4.46, 9.92, 14.17, 15.97, 18.32, 15.81, 14.46, 10.08, 5.02, 3.75, 0.00, 0.00, 0.00, 0.00, 0.00, 0.00, 0.00
"BSB 503",0.00, 0.00, 0.00, 0.00, 0.00, 0.00, 0.00, 4.46, 9.92, 14.17, 15.97, 18.32, 15.81, 14.46, 10.08, 5.02, 3.75, 0.00, 0.00, 0.00, 0.00, 0.00, 0.00, 0.00
"BSB 504",0.00, 0.00, 0.00, 0.00, 0.00, 0.00, 0.00, 4.46, 9.92, 14.17, 15.97, 18.32, 15.81, 14.46, 10.08, 5.02, 3.75, 0.00, 0.00, 0.00, 0.00, 0.00, 0.00, 0.00
"CAIMAN CIENAGUERO",0.00, 0.00, 0.00, 0.00, 0.00, 0.01, 0.03, 0.24, 0.36, 0.51, 0.63, 0.54, 0.61, 0.20, 0.10, 0.00, 0.00, 0.00, 0.00, 0.00, 0.00, 0.00, 0.00, 0.00
"CALDERAS",7.22, 7.22, 7.22, 7.22, 7.22, 7.22, 11.04, 11.04, 7.22, 7.22, 7.22, 15.94, 15.94, 7.22, 7.22, 7.22, 7.22, 19.90, 19.90, 19.90, 7.22, 7.22, 7.22, 7.22
"CALIMA",0.00, 0.00, 0.00, 0.00, 0.00, 0.00, 0.00, 0.00, 0.00, 0.00, 0.00, 0.00, 0.00, 0.00, 0.00, 0.00, 0.00, 0.00, 132.00, 132.00, 132.00, 0.00, 0.00, 0.00
"CAMPESTRE (CALARCA)",0.00, 0.00, 0.00, 0.00, 0.00, 0.00, 0.00, 0.00, 0.00, 0.00, 0.00, 0.00, 0.00, 0.00, 0.00, 0.00, 0.00, 0.00, 0.00, 0.00, 0.00, 0.00, 0.00, 0.00
"CAMPESTRE (EPM)",0.00, 0.00, 0.00, 0.00, 0.00, 0.00, 0.00, 0.00, 0.00, 0.00, 0.00, 0.00, 0.00, 0.00, 0.00, 0.00, 0.00, 0.00, 0.00, 0.00, 0.00, 0.00, 0.00, 0.00
"CANAHUATE",0.00, 0.00, 0.00, 0.00, 0.00, 0.01, 0.30, 0.60, 0.60, 0.70, 0.70, 0.80, 0.70, 0.70, 0.70, 0.30, 0.01, 0.05, 0.00, 0.00, 0.00, 0.00, 0.00, 0.00
"CARACOLI",3.75, 3.75, 3.75, 3.75, 3.75, 3.75, 3.75, 3.75, 3.75, 3.75, 3.75, 3.75, 3.75, 3.75, 3.75, 3.75, 3.75, 3.75, 3.75, 3.75, 3.75, 3.75, 3.75, 3.75
"CARACOLI I",0.00, 0.00, 0.00, 0.00, 0.00, 0.00, 4.00, 16.00, 27.00, 33.00, 35.00, 35.00, 33.00, 30.00, 26.00, 22.00, 13.00, 3.00, 0.00, 0.00, 0.00, 0.00, 0.00, 0.00
"CARLOS LLERAS",78.00, 78.00, 78.00, 78.00, 78.00, 78.00, 78.00, 78.00, 78.00, 78.00, 78.00, 78.00, 78.00, 78.00, 78.00, 78.00, 78.00, 78.00, 78.00, 78.00, 78.00, 78.00, 78.00, 78.00
"CARTAGENA 1",0.00, 0.00, 0.00, 0.00, 0.00, 0.00, 0.00, 0.00, 0.00, 0.00, 0.00, 0.00, 0.00, 0.00, 0.00, 0.00, 0.00, 0.00, 0.00, 0.00, 0.00, 0.00, 0.00, 0.00
"CARTAGENA 2",0.00, 0.00, 0.00, 0.00, 0.00, 0.00, 0.00, 0.00, 0.00, 0.00, 0.00, 0.00, 0.00, 0.00, 0.00, 0.00, 0.00, 0.00, 0.00, 0.00, 0.00, 0.00, 0.00, 0.00
"CARTAGENA 3",0.00, 0.00, 0.00, 0.00, 0.00, 0.00, 0.00, 0.00, 0.00, 0.00, 0.00, 0.00, 0.00, 0.00, 0.00, 0.00, 0.00, 0.00, 0.00, 0.00, 0.00, 0.00, 0.00, 0.00
"CARUQUIA",4.37, 4.37, 4.37, 4.37, 4.37, 4.37, 4.37, 4.37, 4.37, 4.37, 4.37, 4.37, 4.37, 4.37, 4.37, 4.37, 4.37, 4.37, 4.37, 4.37, 4.37, 4.37, 4.37, 4.37
"CASCADA",1.50, 1.50, 1.50, 1.50, 1.50, 1.50, 1.50, 1.50, 1.50, 1.50, 1.50, 1.50, 1.50, 1.50, 1.50, 1.50, 1.50, 1.50, 1.50, 1.50, 1.50, 1.50, 1.50, 1.50
"CAUYA",0.20, 0.20, 0.20, 0.20, 0.20, 0.20, 0.20, 0.20, 0.20, 0.20, 0.20, 0.20, 0.20, 0.20, 0.20, 0.20, 0.20, 0.20, 0.20, 0.20, 0.20, 0.20, 0.20, 0.20
"CELSIA SOLAR ALUMINA",0.00, 0.00, 0.00, 0.00, 0.00, 0.02, 0.20, 0.63, 0.75, 0.84, 0.94, 0.75, 0.55, 0.36, 0.11, 0.00, 0.00, 0.00, 0.00, 0.00, 0.00, 0.00, 0.00, 0.00
"CELSIA SOLAR BOLIVAR",0.00, 0.00, 0.00, 0.00, 0.00, 1.00, 2.00, 3.00, 4.00, 4.00, 3.00, 4.00, 3.00, 2.00, 1.00, 0.00, 0.00, 0.00, 0.00, 0.00, 0.00, 0.00, 0.00, 0.00
"CELSIA SOLAR BUGALAGRANDE",0.00, 0.00, 0.00, 0.00, 0.00, 1.00, 2.00, 4.00, 5.00, 6.00, 7.00, 5.00, 3.00, 1.00, 2.00, 0.00, 0.00, 0.00, 0.00, 0.00, 0.00, 0.00, 0.00, 0.00
"CELSIA SOLAR CARMELO",0.00, 0.00, 0.00, 0.00, 0.00, 0.00, 0.00, 1.00, 3.00, 3.00, 4.00, 4.00, 3.00, 2.00, 0.00, 0.00, 0.00, 0.00, 0.00, 0.00, 0.00, 0.00, 0.00, 0.00
"CELSIA SOLAR DULIMA",0.00, 0.00, 0.00, 0.00, 0.00, 0.00, 2.00, 6.00, 12.00, 19.00, 19.00, 17.00, 9.00, 6.00, 2.00, 0.00, 0.00, 0.00, 0.00, 0.00, 0.00, 0.00, 0.00, 0.00
"CELSIA SOLAR ESCOBAL I",0.00, 0.00, 0.00, 0.00, 0.00, 0.00, 0.00, 0.00, 0.00, 0.00, 11.00, 11.00, 9.00, 4.00, 2.00, 0.00, 0.00, 0.00, 0.00, 0.00, 0.00, 0.00, 0.00, 0.00
"CELSIA SOLAR ESCOBAL II",0.00, 0.00, 0.00, 0.00, 0.00, 0.00, 2.00, 3.00, 5.00, 0.00, 0.00, 0.00, 7.00, 4.00, 2.00, 0.00, 0.00, 0.00, 0.00, 0.00, 0.00, 0.00, 0.00, 0.00
"CELSIA SOLAR ESCOBAL III",0.00, 0.00, 0.00, 0.00, 0.00, 0.00, 0.00, 11.00, 13.00, 14.00, 19.90, 19.90, 19.90, 19.90, 19.90, 14.00, 13.00, 11.00, 0.00, 0.00, 0.00, 0.00, 0.00, 0.00
"CELSIA SOLAR ESCOBAL IV",0.00, 0.00, 0.00, 0.00, 0.00, 0.00, 2.00, 2.00, 5.00, 12.00, 15.00, 12.00, 9.00, 4.00, 2.00, 0.00, 0.00, 0.00, 0.00, 0.00, 0.00, 0.00, 0.00, 0.00
"CELSIA SOLAR ESCOBAL V",0.00, 0.00, 0.00, 0.00, 0.00, 0.00, 2.00, 2.00, 5.00, 11.00, 15.00, 12.00, 11.00, 4.00, 2.00, 0.00, 0.00, 0.00, 0.00, 0.00, 0.00, 0.00, 0.00, 0.00
"CELSIA SOLAR LA PAILA",0.00, 0.00, 0.00, 0.00, 0.00, 0.00, 1.00, 2.00, 3.00, 5.00, 5.00, 3.00, 5.00, 2.00, 0.00, 0.00, 0.00, 0.00, 0.00, 0.00, 0.00, 0.00, 0.00, 0.00
"CELSIA SOLAR LA VICTORIA I",0.00, 0.00, 0.00, 0.00, 0.00, 1.00, 4.00, 6.00, 8.00, 9.00, 11.00, 13.00, 11.00, 6.00, 5.00, 1.00, 0.00, 0.00, 0.00, 0.00, 0.00, 0.00, 0.00, 0.00
"CELSIA SOLAR LA VICTORIA II",0.00, 0.00, 0.00, 0.00, 0.00, 1.00, 4.00, 6.00, 8.00, 9.00, 11.00, 13.00, 11.00, 6.00, 5.00, 1.00, 0.00, 0.00, 0.00, 0.00, 0.00, 0.00, 0.00, 0.00
"CELSIA SOLAR PUERTO TEJADA",0.00, 0.00, 0.00, 0.00, 0.00, 0.00, 3.00, 6.00, 7.00, 6.00, 8.00, 5.00, 2.00, 2.00, 1.00, 0.00, 0.00, 0.00, 0.00, 0.00, 0.00, 0.00, 0.00, 0.00
"CELSIA SOLAR YUMA",0.00, 0.00, 0.00, 0.00, 0.00, 0.00, 1.00, 2.00, 5.00, 9.00, 9.00, 8.00, 4.00, 2.00, 1.00, 0.00, 0.00, 0.00, 0.00, 0.00, 0.00, 0.00, 0.00, 0.00
"CENTRAL CASTILLA 1",3.00, 3.00, 3.00, 3.00, 3.00, 3.00, 3.00, 3.00, 3.00, 3.00, 3.00, 3.00, 3.00, 3.00, 3.00, 3.00, 3.00, 3.00, 3.00, 3.00, 3.00, 3.00, 3.00, 3.00
"CENTRO SOLAR",0.00, 0.00, 0.00, 0.00, 0.00, 0.00, 2.60, 7.97, 9.28, 9.88, 9.90, 9.90, 9.90, 9.90, 9.90, 9.33, 8.29, 2.86, 0.00, 0.00, 0.00, 0.00, 0.00, 0.00
"CERRITOS",0.00, 0.00, 0.00, 0.00, 0.00, 0.00, 0.00, 5.00, 6.00, 8.00, 9.00, 9.00, 9.00, 9.00, 9.00, 7.00, 4.00, 0.00, 0.00, 0.00, 0.00, 0.00, 0.00, 0.00
"CHARQUITO",19.00, 19.00, 19.00, 19.00, 19.00, 19.00, 19.00, 19.00, 19.00, 19.00, 19.00, 19.00, 19.00, 19.00, 19.00, 19.00, 19.00, 19.00, 19.00, 19.00, 19.00, 19.00, 19.00, 19.00
"CHIVOR",875.00, 800.78, 607.01, 522.12, 720.34, 875.00, 875.00, 875.00, 875.00, 769.24, 870.04, 875.00, 875.00, 875.00, 875.00, 875.00, 875.00, 875.00, 875.00, 875.00, 875.00, 875.00, 875.00, 875.00
"COCONUCO",2.80, 2.80, 2.80, 2.80, 2.80, 2.80, 2.60, 2.60, 2.60, 2.60, 2.70, 2.70, 2.70, 2.70, 2.40, 2.40, 2.40, 2.40, 2.70, 2.80, 2.70, 2.70, 2.70, 2.70
"COELLO",1.10, 1.10, 1.10, 1.10, 1.10, 1.10, 1.10, 1.10, 1.10, 1.10, 1.10, 1.10, 1.10, 1.10, 1.10, 1.10, 1.10, 1.10, 1.10, 1.10, 1.10, 1.10, 1.10, 1.10
"COGENERADOR MANUELITA 2",8.90, 8.90, 8.90, 8.90, 8.90, 8.90, 8.90, 8.90, 8.90, 8.90, 8.90, 8.90, 8.90, 8.90, 8.90, 8.90, 8.90, 8.90, 8.90, 8.90, 8.90, 8.90, 8.90, 8.90
"COGENERADOR PROENCA",15.00, 15.00, 15.00, 15.00, 15.00, 15.00, 15.00, 15.00, 15.00, 15.00, 15.00, 15.00, 15.00, 15.00, 15.00, 15.00, 15.00, 15.00, 15.00, 15.00, 15.00, 15.00, 15.00, 15.00
"COMUNIDAD EL SALVADOR I",0.00, 0.00, 0.00, 0.00, 0.00, 0.00, 0.00, 0.00, 0.00, 0.01, 0.01, 0.01, 0.01, 0.01, 0.00, 0.00, 0.00, 0.00, 0.00, 0.00, 0.00, 0.00, 0.00, 0.01
"COMUNIDAD EL SALVADOR II",0.00, 0.00, 0.00, 0.00, 0.00, 0.00, 0.00, 0.00, 0.00, 0.00, 0.00, 0.00, 0.00, 0.00, 0.00, 0.00, 0.00, 0.00, 0.00, 0.00, 0.00, 0.00, 0.00, 0.00
"CONDOR",0.00, 0.00, 0.00, 0.00, 0.00, 0.00, 2.85, 8.04, 9.08, 8.30, 9.31, 9.11, 9.31, 9.50, 8.37, 8.18, 5.70, 0.88, 0.00, 0.00, 0.00, 0.00, 0.00, 0.00
"CUCUANA",14.00, 14.00, 14.00, 14.00, 14.00, 16.00, 16.00, 6.00, 6.00, 6.00, 16.00, 16.00, 16.00, 16.00, 16.00, 16.00, 16.00, 16.00, 16.00, 16.00, 16.00, 16.00, 6.00, 6.00
"CURRUCUCUES",0.80, 0.80, 0.80, 0.80, 0.80, 0.80, 0.80, 0.80, 0.80, 0.80, 0.80, 0.80, 0.80, 0.80, 0.80, 0.80, 0.80, 0.80, 0.80, 0.80, 0.80, 0.80, 0.80, 0.80
"DARIO VALENCIA SAMPER",115.00, 115.00, 115.00, 115.00, 115.00, 115.00, 115.00, 115.00, 115.00, 115.00, 115.00, 115.00, 115.00, 115.00, 115.00, 115.00, 115.00, 115.00, 115.00, 115.00, 115.00, 115.00, 115.00, 115.00
"DELTA I",0.00, 0.00, 0.00, 0.00, 0.00, 0.01, 0.30, 0.60, 0.60, 0.70, 0.70, 0.80, 0.70, 0.70, 0.70, 0.30, 0.10, 0.05, 0.00, 0.00, 0.00, 0.00, 0.00, 0.00
"DOÑA JUANA",0.25, 0.25, 0.25, 0.25, 0.25, 0.25, 0.25, 0.25, 0.25, 0.25, 0.25, 0.25, 0.25, 0.25, 0.25, 0.25, 0.25, 0.25, 0.25, 0.25, 0.25, 0.25, 0.25, 0.25
"ECOPARQUE SOLAR LA CIRA",0.00, 0.00, 0.00, 0.00, 0.00, 0.00, 0.00, 0.00, 0.00, 0.00, 0.00, 0.00, 0.00, 0.00, 0.00, 0.00, 0.00, 0.00, 0.00, 0.00, 0.00, 0.00, 0.00, 0.00
"EL BOSQUE",1.70, 1.70, 1.70, 1.70, 1.70, 1.70, 1.70, 1.70, 1.70, 1.70, 1.70, 1.70, 1.70, 1.70, 1.70, 1.70, 1.70, 1.70, 1.70, 1.70, 1.70, 1.70, 1.70, 1.70
"EL COCUYO",0.45, 0.45, 0.45, 0.45, 0.45, 0.45, 0.45, 0.45, 0.45, 0.45, 0.45, 0.45, 0.45, 0.45, 0.45, 0.45, 0.45, 0.45, 0.45, 0.45, 0.45, 0.45, 0.45, 0.45
"EL EDEN",8.00, 8.00, 8.00, 8.00, 8.00, 8.00, 8.00, 8.00, 8.00, 8.00, 8.00, 8.00, 8.00, 8.00, 8.00, 8.00, 8.00, 8.00, 8.00, 8.00, 8.00, 8.00, 8.00, 8.00
"EL LIMONAR",18.00, 18.00, 18.00, 18.00, 18.00, 18.00, 18.00, 18.00, 18.00, 18.00, 18.00, 18.00, 18.00, 18.00, 18.00, 18.00, 18.00, 18.00, 18.00, 18.00, 18.00, 18.00, 18.00, 18.00
"EL MOLINO",5.76, 5.76, 5.76, 5.76, 5.76, 5.76, 5.76, 5.76, 5.76, 5.76, 5.76, 5.76, 5.76, 5.76, 5.76, 5.76, 5.76, 5.76, 5.76, 5.76, 5.76, 5.76, 5.76, 5.76
"EL PASO",0.00, 0.00, 0.00, 0.00, 0.00, 0.00, 7.00, 29.00, 44.00, 53.00, 54.00, 64.00, 63.00, 57.00, 54.00, 43.00, 25.00, 7.00, 0.00, 0.00, 0.00, 0.00, 0.00, 0.00
"EL POPAL",16.54, 16.54, 16.54, 16.54, 16.54, 16.54, 16.54, 16.54, 16.54, 16.54, 16.54, 16.54, 16.54, 16.54, 16.54, 16.54, 16.54, 16.54, 16.54, 16.54, 16.54, 16.54, 16.54, 16.54
"EL QUIMBO",330.00, 330.00, 330.00, 330.00, 330.00, 330.00, 330.00, 330.00, 330.00, 330.00, 330.00, 330.00, 330.00, 330.00, 330.00, 330.00, 330.00, 330.00, 330.00, 330.00, 330.00, 330.00, 330.00, 330.00
"EL TAMARINDO I",0.00, 0.00, 0.00, 0.00, 0.00, 0.00, 0.00, 1.00, 3.00, 5.00, 7.00, 7.00, 7.00, 6.00, 5.00, 3.00, 2.00, 1.00, 0.00, 0.00, 0.00, 0.00, 0.00, 0.00
"EL TAMARINDO II",0.00, 0.00, 0.00, 0.00, 0.00, 0.00, 0.00, 1.00, 3.00, 5.00, 7.00, 7.00, 7.00, 6.00, 5.00, 3.00, 2.00, 1.00, 0.00, 0.00, 0.00, 0.00, 0.00, 0.00
"ESCUELA DE MINAS",55.00, 55.00, 55.00, 55.00, 55.00, 55.00, 55.00, 55.00, 55.00, 55.00, 55.00, 55.00, 55.00, 55.00, 55.00, 55.00, 55.00, 55.00, 55.00, 55.00, 55.00, 55.00, 55.00, 55.00
"ESMERALDA",25.00, 25.00, 25.00, 25.00, 25.00, 25.00, 25.00, 25.00, 25.00, 25.00, 25.00, 25.00, 25.00, 25.00, 25.00, 25.00, 25.00, 25.00, 25.00, 25.00, 25.00, 25.00, 25.00, 25.00
"FLORES 4 CC",0.00, 0.00, 0.00, 0.00, 0.00, 0.00, 0.00, 0.00, 0.00, 0.00, 0.00, 0.00, 0.00, 0.00, 0.00, 0.00, 0.00, 0.00, 0.00, 0.00, 0.00, 0.00, 0.00, 0.00
"FLORES I CC",0.00, 0.00, 0.00, 0.00, 0.00, 0.00, 0.00, 0.00, 0.00, 0.00, 0.00, 0.00, 0.00, 0.00, 0.00, 0.00, 0.00, 0.00, 0.00, 0.00, 0.00, 0.00, 0.00, 0.00
"FLORIDA",0.00, 0.00, 0.00, 0.00, 0.00, 0.00, 12.00, 12.00, 13.38, 13.16, 13.14, 13.08, 12.68, 12.68, 12.66, 12.66, 18.00, 18.00, 18.00, 18.00, 18.00, 14.22, 12.98, 12.78
"FUNDACION",0.00, 0.00, 0.00, 0.00, 0.00, 0.00, 10.00, 43.00, 77.00, 88.00, 89.00, 86.00, 79.00, 72.00, 64.00, 54.00, 34.00, 9.00, 0.00, 0.00, 0.00, 0.00, 0.00, 0.00
"GANDALF",0.00, 0.00, 0.00, 0.00, 0.00, 0.01, 0.30, 0.60, 0.60, 0.70, 0.70, 0.80, 0.70, 0.70, 0.70, 0.30, 0.01, 0.05, 0.00, 0.00, 0.00, 0.00, 0.00, 0.00
"GD AGUSTIN I",0.00, 0.00, 0.00, 0.00, 0.00, 0.01, 0.30, 0.60, 0.60, 0.70, 0.70, 0.80, 0.70, 0.70, 0.70, 0.30, 0.10, 0.05, 0.00, 0.00, 0.00, 0.00, 0.00, 0.00
"GD ALAMO SOLAR",0.00, 0.00, 0.00, 0.00, 0.00, 0.00, 0.04, 0.20, 0.40, 0.58, 0.65, 0.67, 0.67, 0.67, 0.60, 0.46, 0.25, 0.04, 0.00, 0.00, 0.00, 0.00, 0.00, 0.00
"GD ALEJANDRIA I",0.00, 0.00, 0.00, 0.00, 0.00, 0.00, 0.01, 0.08, 0.23, 0.60, 0.88, 0.63, 0.85, 0.93, 0.77, 0.58, 0.36, 0.10, 0.00, 0.00, 0.00, 0.00, 0.00, 0.00
"GD ALEJANDRIA II",0.00, 0.00, 0.00, 0.00, 0.00, 0.00, 0.01, 0.08, 0.23, 0.60, 0.88, 0.63, 0.85, 0.93, 0.77, 0.58, 0.36, 0.10, 0.00, 0.00, 0.00, 0.00, 0.00, 0.00
"GD ALEJANDRIA III",0.00, 0.00, 0.00, 0.00, 0.00, 0.00, 0.01, 0.08, 0.23, 0.60, 0.88, 0.63, 0.85, 0.93, 0.77, 0.58, 0.36, 0.10, 0.00, 0.00, 0.00, 0.00, 0.00, 0.00
"GD ALFEREZ",0.00, 0.00, 0.00, 0.00, 0.03, 0.12, 0.33, 0.50, 0.52, 0.60, 0.54, 0.27, 0.40, 0.24, 0.16, 0.05, 0.00, 0.00, 0.00, 0.00, 0.00, 0.00, 0.00, 0.00
"GD ASTROLUMEN LA GARITA",0.00, 0.00, 0.00, 0.00, 0.00, 0.01, 0.30, 0.60, 0.60, 0.70, 0.70, 0.80, 0.70, 0.70, 0.70, 0.30, 0.10, 0.05, 0.00, 0.00, 0.00, 0.00, 0.00, 0.00
"GD BASILICA",0.00, 0.00, 0.00, 0.00, 0.00, 0.05, 0.12, 0.17, 0.26, 0.38, 0.39, 0.26, 0.36, 0.19, 0.08, 0.02, 0.00, 0.00, 0.00, 0.00, 0.00, 0.00, 0.00, 0.00
"GD BIOSOLAR",0.00, 0.00, 0.00, 0.00, 0.00, 0.05, 0.09, 0.10, 0.15, 0.20, 0.30, 0.40, 0.30, 0.20, 0.15, 0.10, 0.09, 0.05, 0.00, 0.00, 0.00, 0.00, 0.00, 0.00
"GD BLANCA ENERGY I",0.00, 0.00, 0.00, 0.00, 0.00, 0.00, 0.02, 0.01, 0.02, 0.05, 0.09, 0.10, 0.10, 0.09, 0.08, 0.05, 0.02, 0.01, 0.00, 0.00, 0.00, 0.00, 0.00, 0.00
"GD BLANCA ENERGY II",0.00, 0.00, 0.00, 0.00, 0.00, 0.00, 0.02, 0.01, 0.02, 0.05, 0.09, 0.10, 0.10, 0.09, 0.08, 0.05, 0.02, 0.01, 0.00, 0.00, 0.00, 0.00, 0.00, 0.00
"GD BLANCA ENERGY III",0.00, 0.00, 0.00, 0.00, 0.00, 0.00, 0.00, 0.26, 0.53, 0.75, 0.87, 0.90, 0.90, 0.89, 0.83, 0.64, 0.35, 0.03, 0.00, 0.00, 0.00, 0.00, 0.00, 0.00
"GD BLANCA ENERGY SOLAR 23",0.00, 0.00, 0.00, 0.00, 0.00, 0.00, 0.02, 0.01, 0.02, 0.05, 0.09, 0.10, 0.10, 0.09, 0.08, 0.05, 0.02, 0.01, 0.00, 0.00, 0.00, 0.00, 0.00, 0.00
"GD BLANCA ENERGY SOLAR 24",0.00, 0.00, 0.00, 0.00, 0.00, 0.00, 0.02, 0.01, 0.02, 0.05, 0.09, 0.10, 0.10, 0.09, 0.08, 0.05, 0.02, 0.01, 0.00, 0.00, 0.00, 0.00, 0.00, 0.00
"GD BOCAS DEL PALO",0.00, 0.00, 0.00, 0.00, 0.00, 0.00, 0.00, 0.10, 0.10, 0.10, 0.10, 0.10, 0.10, 0.10, 0.10, 0.10, 0.00, 0.00, 0.00, 0.00, 0.00, 0.00, 0.00, 0.00
"GD BONILLA A I",0.00, 0.00, 0.00, 0.00, 0.00, 0.00, 0.05, 0.26, 0.45, 0.59, 0.67, 0.72, 0.73, 0.72, 0.69, 0.62, 0.41, 0.11, 0.00, 0.00, 0.00, 0.00, 0.00, 0.00
"GD BONILLA A II",0.00, 0.00, 0.00, 0.00, 0.00, 0.00, 0.05, 0.26, 0.45, 0.59, 0.67, 0.72, 0.73, 0.72, 0.69, 0.62, 0.41, 0.11, 0.00, 0.00, 0.00, 0.00, 0.00, 0.00
"GD BONILLA A III",0.00, 0.00, 0.00, 0.00, 0.00, 0.00, 0.05, 0.26, 0.45, 0.59, 0.67, 0.72, 0.73, 0.72, 0.69, 0.62, 0.41, 0.11, 0.00, 0.00, 0.00, 0.00, 0.00, 0.00
"GD BONILLA A IV",0.00, 0.00, 0.00, 0.00, 0.00, 0.00, 0.05, 0.26, 0.45, 0.59, 0.67, 0.72, 0.73, 0.72, 0.69, 0.62, 0.41, 0.11, 0.00, 0.00, 0.00, 0.00, 0.00, 0.00
"GD BONILLA A V",0.00, 0.00, 0.00, 0.00, 0.00, 0.00, 0.05, 0.26, 0.45, 0.59, 0.67, 0.72, 0.73, 0.72, 0.69, 0.62, 0.41, 0.11, 0.00, 0.00, 0.00, 0.00, 0.00, 0.00
"GD CADILLO II",0.00, 0.00, 0.00, 0.00, 0.00, 0.00, 0.05, 0.26, 0.45, 0.59, 0.67, 0.72, 0.73, 0.72, 0.69, 0.62, 0.41, 0.11, 0.00, 0.00, 0.00, 0.00, 0.00, 0.00
"GD CARACOL I",0.00, 0.00, 0.00, 0.00, 0.00, 0.00, 0.05, 0.26, 0.45, 0.59, 0.67, 0.72, 0.73, 0.72, 0.69, 0.62, 0.41, 0.11, 0.00, 0.00, 0.00, 0.00, 0.00, 0.00
"GD CARACOL II",0.00, 0.00, 0.00, 0.00, 0.00, 0.00, 0.05, 0.26, 0.45, 0.59, 0.67, 0.72, 0.73, 0.72, 0.69, 0.62, 0.41, 0.11, 0.00, 0.00, 0.00, 0.00, 0.00, 0.00
"GD CARACOL III",0.00, 0.00, 0.00, 0.00, 0.00, 0.00, 0.05, 0.26, 0.45, 0.59, 0.67, 0.72, 0.73, 0.72, 0.69, 0.62, 0.41, 0.11, 0.00, 0.00, 0.00, 0.00, 0.00, 0.00
"GD CHICORAL",0.00, 0.00, 0.00, 0.00, 0.00, 0.04, 0.07, 0.30, 0.34, 0.36, 0.40, 0.39, 0.34, 0.33, 0.16, 0.03, 0.00, 0.00, 0.00, 0.00, 0.00, 0.00, 0.00, 0.00
"GD CHIMBI",0.00, 0.00, 0.00, 0.00, 0.00, 0.05, 0.11, 0.29, 0.68, 0.82, 0.90, 0.61, 0.31, 0.19, 0.08, 0.02, 0.00, 0.00, 0.00, 0.00, 0.00, 0.00, 0.00, 0.00
"GD CHIRIGUANA NORTE I",0.00, 0.00, 0.00, 0.00, 0.00, 0.01, 0.30, 0.60, 0.60, 0.70, 0.70, 0.80, 0.70, 0.70, 0.70, 0.30, 0.10, 0.05, 0.00, 0.00, 0.00, 0.00, 0.00, 0.00
"GD CHIRIGUANA NORTE II",0.00, 0.00, 0.00, 0.00, 0.00, 0.01, 0.30, 0.60, 0.60, 0.70, 0.70, 0.80, 0.70, 0.70, 0.70, 0.30, 0.10, 0.05, 0.00, 0.00, 0.00, 0.00, 0.00, 0.00
"GD CHIRIGUANA NORTE IV",0.00, 0.00, 0.00, 0.00, 0.00, 0.01, 0.30, 0.60, 0.60, 0.70, 0.70, 0.80, 0.70, 0.70, 0.70, 0.30, 0.10, 0.05, 0.00, 0.00, 0.00, 0.00, 0.00, 0.00
"GD CORALITO",0.00, 0.00, 0.00, 0.00, 0.00, 0.00, 0.01, 0.18, 0.31, 0.47, 0.70, 0.87, 0.88, 0.86, 0.50, 0.10, 0.08, 0.01, 0.00, 0.00, 0.00, 0.00, 0.00, 0.00
"GD CSF ARENALES I",0.00, 0.00, 0.00, 0.00, 0.00, 0.00, 0.01, 0.11, 0.28, 0.56, 0.64, 0.73, 0.81, 0.75, 0.64, 0.48, 0.20, 0.04, 0.00, 0.00, 0.00, 0.00, 0.00, 0.00
"GD DELTA II",0.00, 0.00, 0.00, 0.00, 0.00, 0.01, 0.30, 0.60, 0.60, 0.70, 0.70, 0.80, 0.70, 0.70, 0.70, 0.30, 0.10, 0.05, 0.00, 0.00, 0.00, 0.00, 0.00, 0.00
"GD DIOCESIS DE RIOHACHA",0.00, 0.00, 0.00, 0.00, 0.00, 0.00, 0.00, 0.02, 0.03, 0.04, 0.05, 0.07, 0.07, 0.08, 0.06, 0.04, 0.02, 0.01, 0.00, 0.00, 0.00, 0.00, 0.00, 0.00
"GD EDEQ SOLAR LA TEBAIDA",0.00, 0.00, 0.00, 0.00, 0.00, 0.01, 0.03, 0.05, 0.07, 0.08, 0.09, 0.09, 0.09, 0.07, 0.05, 0.03, 0.01, 0.01, 0.00, 0.00, 0.00, 0.00, 0.00, 0.00
"GD EDEQ SOLAR MONTENEGRO",0.00, 0.00, 0.00, 0.00, 0.00, 0.01, 0.02, 0.04, 0.05, 0.06, 0.07, 0.07, 0.07, 0.06, 0.04, 0.02, 0.01, 0.01, 0.00, 0.00, 0.00, 0.00, 0.00, 0.00
"GD EL BANCO",0.00, 0.00, 0.00, 0.00, 0.00, 0.00, 0.01, 0.05, 0.21, 0.31, 0.42, 0.42, 0.20, 0.15, 0.20, 0.03, 0.00, 0.00, 0.00, 0.00, 0.00, 0.00, 0.00, 0.00
"GD EL ROBLE",0.00, 0.00, 0.00, 0.00, 0.00, 0.00, 0.08, 0.39, 0.54, 0.78, 0.57, 0.76, 0.83, 0.69, 0.52, 0.32, 0.08, 0.01, 0.00, 0.00, 0.00, 0.00, 0.00, 0.00
"GD EMPERATRIZ I",0.00, 0.00, 0.00, 0.00, 0.00, 0.00, 0.01, 0.18, 0.31, 0.47, 0.70, 0.87, 0.88, 0.86, 0.50, 0.10, 0.08, 0.01, 0.00, 0.00, 0.00, 0.00, 0.00, 0.00
"GD EMPERATRIZ II",0.00, 0.00, 0.00, 0.00, 0.00, 0.00, 0.01, 0.18, 0.31, 0.47, 0.70, 0.87, 0.88, 0.86, 0.50, 0.10, 0.08, 0.01, 0.00, 0.00, 0.00, 0.00, 0.00, 0.00
"GD ENCANTO",0.00, 0.00, 0.00, 0.00, 0.00, 0.00, 0.00, 0.30, 0.60, 0.70, 0.90, 0.90, 0.70, 0.60, 0.50, 0.40, 0.20, 0.00, 0.00, 0.00, 0.00, 0.00, 0.00, 0.00
"GD ERCO GUAMO I",0.00, 0.00, 0.00, 0.00, 0.00, 0.00, 0.06, 0.23, 0.45, 0.67, 0.79, 0.85, 0.85, 0.77, 0.63, 0.43, 0.18, 0.02, 0.00, 0.00, 0.00, 0.00, 0.00, 0.00
"GD ERCO GUAMO II",0.00, 0.00, 0.00, 0.00, 0.00, 0.00, 0.06, 0.23, 0.45, 0.67, 0.79, 0.85, 0.85, 0.77, 0.63, 0.43, 0.18, 0.02, 0.00, 0.00, 0.00, 0.00, 0.00, 0.00
"GD ERCO GUAMO III",0.00, 0.00, 0.00, 0.00, 0.00, 0.00, 0.06, 0.23, 0.45, 0.67, 0.79, 0.85, 0.85, 0.77, 0.63, 0.43, 0.18, 0.02, 0.00, 0.00, 0.00, 0.00, 0.00, 0.00
"GD ERCO GUAMO IV",0.00, 0.00, 0.00, 0.00, 0.00, 0.00, 0.06, 0.23, 0.45, 0.67, 0.79, 0.85, 0.85, 0.77, 0.63, 0.43, 0.18, 0.02, 0.00, 0.00, 0.00, 0.00, 0.00, 0.00
"GD ERCO ISIDORI",0.00, 0.00, 0.00, 0.00, 0.00, 0.00, 0.06, 0.27, 0.46, 0.61, 0.70, 0.73, 0.72, 0.67, 0.57, 0.43, 0.23, 0.04, 0.00, 0.00, 0.00, 0.00, 0.00, 0.00
"GD ERCO LAS PIEDRAS I",0.00, 0.00, 0.00, 0.00, 0.00, 0.00, 0.06, 0.24, 0.46, 0.68, 0.78, 0.86, 0.87, 0.76, 0.64, 0.44, 0.17, 0.02, 0.00, 0.00, 0.00, 0.00, 0.00, 0.00
"GD ERCO LAS PIEDRAS II",0.00, 0.00, 0.00, 0.00, 0.00, 0.00, 0.06, 0.24, 0.46, 0.68, 0.78, 0.86, 0.87, 0.76, 0.64, 0.44, 0.17, 0.02, 0.00, 0.00, 0.00, 0.00, 0.00, 0.00
"GD ERCO MARIANGOLA",0.00, 0.00, 0.00, 0.00, 0.00, 0.00, 0.06, 0.23, 0.45, 0.67, 0.79, 0.85, 0.85, 0.77, 0.63, 0.43, 0.18, 0.02, 0.00, 0.00, 0.00, 0.00, 0.00, 0.00
"GD ERCO PALMAS",0.00, 0.00, 0.00, 0.00, 0.00, 0.00, 0.00, 0.00, 0.00, 0.00, 0.00, 0.00, 0.00, 0.00, 0.00, 0.00, 0.00, 0.00, 0.00, 0.00, 0.00, 0.00, 0.00, 0.00
"GD ERCO SALDANA I",0.00, 0.00, 0.00, 0.00, 0.00, 0.00, 0.06, 0.22, 0.45, 0.67, 0.79, 0.85, 0.85, 0.77, 0.63, 0.43, 0.18, 0.02, 0.00, 0.00, 0.00, 0.00, 0.00, 0.00
"GD ERCO SALDANA II",0.00, 0.00, 0.00, 0.00, 0.00, 0.00, 0.06, 0.22, 0.45, 0.67, 0.79, 0.85, 0.85, 0.77, 0.63, 0.43, 0.18, 0.02, 0.00, 0.00, 0.00, 0.00, 0.00, 0.00
"GD ERCO TOLDADO",0.00, 0.00, 0.00, 0.00, 0.00, 0.00, 0.02, 0.06, 0.30, 0.66, 0.97, 0.96, 0.86, 0.79, 0.61, 0.47, 0.28, 0.09, 0.00, 0.00, 0.00, 0.00, 0.00, 0.00
"GD ESPERANZA I",0.00, 0.00, 0.00, 0.00, 0.00, 0.00, 0.16, 0.27, 0.39, 0.52, 0.61, 0.65, 0.61, 0.52, 0.39, 0.27, 0.16, 0.00, 0.00, 0.00, 0.00, 0.00, 0.00, 0.00
"GD ESPERANZA II",0.00, 0.00, 0.00, 0.00, 0.00, 0.00, 0.17, 0.32, 0.46, 0.56, 0.63, 0.65, 0.63, 0.56, 0.46, 0.32, 0.17, 0.00, 0.00, 0.00, 0.00, 0.00, 0.00, 0.00
"GD FINCA ISABEL LOPEZ",0.00, 0.00, 0.00, 0.00, 0.00, 0.00, 0.01, 0.04, 0.07, 0.12, 0.08, 0.07, 0.06, 0.05, 0.02, 0.00, 0.00, 0.00, 0.00, 0.00, 0.00, 0.00, 0.00, 0.00
"GD FINCA JM",0.00, 0.00, 0.00, 0.00, 0.00, 0.00, 0.01, 0.04, 0.07, 0.12, 0.08, 0.07, 0.06, 0.05, 0.02, 0.00, 0.00, 0.00, 0.00, 0.00, 0.00, 0.00, 0.00, 0.00
"GD GALILEO SOLAR",0.00, 0.00, 0.00, 0.00, 0.00, 0.00, 0.04, 0.02, 0.04, 0.06, 0.07, 0.06, 0.06, 0.06, 0.05, 0.05, 0.02, 0.01, 0.00, 0.00, 0.00, 0.00, 0.00, 0.00
"GD GOLONDRINA",0.00, 0.00, 0.00, 0.00, 0.00, 0.00, 0.01, 0.18, 0.31, 0.47, 0.70, 0.87, 0.88, 0.86, 0.50, 0.10, 0.08, 0.01, 0.00, 0.00, 0.00, 0.00, 0.00, 0.00
"GD GRANJA LA RUBIELA",0.00, 0.00, 0.00, 0.00, 0.00, 0.00, 0.00, 0.16, 0.28, 0.43, 0.55, 0.71, 0.71, 0.45, 0.42, 0.38, 0.19, 0.06, 0.00, 0.00, 0.00, 0.00, 0.00, 0.00
"GD GRANJA SAN PELAYO",0.00, 0.00, 0.00, 0.00, 0.00, 0.00, 0.05, 0.24, 0.42, 0.56, 0.72, 0.79, 0.80, 0.73, 0.63, 0.46, 0.26, 0.07, 0.00, 0.00, 0.00, 0.00, 0.00, 0.00
"GD JARDINCITO",0.00, 0.00, 0.00, 0.00, 0.00, 0.00, 0.04, 0.02, 0.04, 0.06, 0.07, 0.06, 0.06, 0.06, 0.05, 0.05, 0.02, 0.01, 0.00, 0.00, 0.00, 0.00, 0.00, 0.00
"GD LA CACICA",0.00, 0.00, 0.00, 0.00, 0.00, 0.01, 0.30, 0.60, 0.60, 0.70, 0.70, 0.80, 0.70, 0.70, 0.70, 0.30, 0.10, 0.05, 0.00, 0.00, 0.00, 0.00, 0.00, 0.00
"GD LA CATEDRAL",0.00, 0.00, 0.00, 0.00, 0.00, 0.01, 0.30, 0.60, 0.60, 0.70, 0.70, 0.80, 0.70, 0.70, 0.70, 0.30, 0.10, 0.05, 0.00, 0.00, 0.00, 0.00, 0.00, 0.00
"GD LA HONDA",0.00, 0.00, 0.00, 0.00, 0.00, 0.06, 0.22, 0.35, 0.41, 0.44, 0.51, 0.60, 0.48, 0.31, 0.22, 0.05, 0.00, 0.00, 0.00, 0.00, 0.00, 0.00, 0.00, 0.00
"GD LA MACANA",0.00, 0.00, 0.00, 0.00, 0.00, 0.00, 0.01, 0.07, 0.24, 0.42, 0.50, 0.53, 0.56, 0.53, 0.51, 0.40, 0.21, 0.02, 0.00, 0.00, 0.00, 0.00, 0.00, 0.00
"GD LA URIBE",0.00, 0.00, 0.00, 0.00, 0.00, 0.04, 0.15, 0.30, 0.59, 0.60, 0.60, 0.60, 0.45, 0.29, 0.11, 0.03, 0.00, 0.00, 0.00, 0.00, 0.00, 0.00, 0.00, 0.00
"GD LAS MERCEDES I",0.00, 0.00, 0.00, 0.00, 0.00, 0.00, 0.01, 0.07, 0.17, 0.26, 0.30, 0.31, 0.28, 0.24, 0.23, 0.19, 0.11, 0.04, 0.00, 0.00, 0.00, 0.00, 0.00, 0.00
"GD LAS MERCEDES II",0.00, 0.00, 0.00, 0.00, 0.00, 0.00, 0.00, 0.03, 0.06, 0.07, 0.09, 0.09, 0.08, 0.07, 0.08, 0.08, 0.04, 0.01, 0.00, 0.00, 0.00, 0.00, 0.00, 0.00
"GD LAS PILONERAS",0.00, 0.00, 0.00, 0.00, 0.00, 0.01, 0.30, 0.60, 0.60, 0.70, 0.70, 0.80, 0.70, 0.70, 0.70, 0.30, 0.10, 0.05, 0.00, 0.00, 0.00, 0.00, 0.00, 0.00
"GD LOS CHORROS",0.00, 0.00, 0.00, 0.00, 0.00, 0.02, 0.10, 0.15, 0.31, 0.52, 0.57, 0.49, 0.25, 0.18, 0.07, 0.02, 0.00, 0.00, 0.00, 0.00, 0.00, 0.00, 0.00, 0.00
"GD LYRA",0.00, 0.00, 0.00, 0.00, 0.00, 0.01, 0.30, 0.60, 0.60, 0.70, 0.70, 0.80, 0.70, 0.70, 0.70, 0.30, 0.10, 0.05, 0.00, 0.00, 0.00, 0.00, 0.00, 0.00
"GD MEISSA II",0.00, 0.00, 0.00, 0.00, 0.00, 0.00, 0.04, 0.02, 0.04, 0.06, 0.07, 0.06, 0.06, 0.06, 0.05, 0.05, 0.02, 0.01, 0.00, 0.00, 0.00, 0.00, 0.00, 0.00
"GD MGS 0013 LA MESA",0.00, 0.00, 0.00, 0.00, 0.00, 0.01, 0.30, 0.60, 0.60, 0.70, 0.80, 0.90, 0.80, 0.70, 0.70, 0.30, 0.10, 0.05, 0.00, 0.00, 0.00, 0.00, 0.00, 0.00
"GD NAOS I",0.00, 0.00, 0.00, 0.00, 0.00, 0.01, 0.30, 0.60, 0.60, 0.70, 0.70, 0.80, 0.70, 0.70, 0.70, 0.30, 0.01, 0.05, 0.00, 0.00, 0.00, 0.00, 0.00, 0.00
"GD NAOS II",0.00, 0.00, 0.00, 0.00, 0.00, 0.01, 0.30, 0.60, 0.60, 0.70, 0.70, 0.80, 0.70, 0.70, 0.70, 0.30, 0.10, 0.05, 0.00, 0.00, 0.00, 0.00, 0.00, 0.00
"GD NAOS III",0.00, 0.00, 0.00, 0.00, 0.00, 0.01, 0.30, 0.60, 0.70, 0.70, 0.70, 0.80, 0.70, 0.70, 0.70, 0.30, 0.10, 0.05, 0.00, 0.00, 0.00, 0.00, 0.00, 0.00
"GD ORBIS",0.00, 0.00, 0.00, 0.00, 0.00, 0.01, 0.30, 0.60, 0.60, 0.70, 0.70, 0.80, 0.70, 0.70, 0.70, 0.30, 0.10, 0.05, 0.00, 0.00, 0.00, 0.00, 0.00, 0.00
"GD PALERMO",0.00, 0.00, 0.00, 0.00, 0.00, 0.04, 0.16, 0.32, 0.60, 0.94, 0.93, 0.82, 0.45, 0.31, 0.11, 0.03, 0.00, 0.00, 0.00, 0.00, 0.00, 0.00, 0.00, 0.00
"GD PALMERAS I",0.00, 0.00, 0.00, 0.00, 0.00, 0.00, 0.05, 0.26, 0.45, 0.59, 0.67, 0.72, 0.73, 0.72, 0.69, 0.62, 0.41, 0.11, 0.00, 0.00, 0.00, 0.00, 0.00, 0.00
"GD PALMERAS II",0.00, 0.00, 0.00, 0.00, 0.00, 0.00, 0.05, 0.26, 0.45, 0.59, 0.67, 0.72, 0.73, 0.72, 0.69, 0.62, 0.41, 0.11, 0.00, 0.00, 0.00, 0.00, 0.00, 0.00
"GD PALMERAS III",0.00, 0.00, 0.00, 0.00, 0.00, 0.00, 0.05, 0.26, 0.45, 0.59, 0.67, 0.72, 0.73, 0.72, 0.69, 0.62, 0.41, 0.11, 0.00, 0.00, 0.00, 0.00, 0.00, 0.00
"GD PALMERAS IV",0.00, 0.00, 0.00, 0.00, 0.00, 0.00, 0.05, 0.26, 0.45, 0.59, 0.67, 0.72, 0.73, 0.72, 0.69, 0.62, 0.41, 0.11, 0.00, 0.00, 0.00, 0.00, 0.00, 0.00
"GD PARQUE SOLAR GRANADA I",0.00, 0.00, 0.00, 0.00, 0.00, 0.00, 0.02, 0.17, 0.30, 0.45, 0.50, 0.50, 0.50, 0.35, 0.25, 0.20, 0.15, 0.04, 0.00, 0.00, 0.00, 0.00, 0.00, 0.00
"GD PARQUE SOLAR GRANADA II",0.00, 0.00, 0.00, 0.00, 0.00, 0.02, 0.17, 0.30, 0.45, 0.50, 0.50, 0.50, 0.50, 0.35, 0.25, 0.20, 0.15, 0.00, 0.00, 0.00, 0.00, 0.00, 0.00, 0.00
"GD PARQUE SOLAR LA ESPERANZA",0.00, 0.00, 0.00, 0.00, 0.00, 0.02, 0.17, 0.30, 0.45, 0.50, 0.50, 0.50, 0.50, 0.35, 0.25, 0.20, 0.15, 0.00, 0.00, 0.00, 0.00, 0.00, 0.00, 0.00
"GD PARQUE SOLAR TRONCAL",0.00, 0.00, 0.00, 0.00, 0.00, 0.02, 0.17, 0.30, 0.45, 0.50, 0.50, 0.50, 0.50, 0.35, 0.25, 0.20, 0.15, 0.00, 0.00, 0.00, 0.00, 0.00, 0.00, 0.00
"GD PEGASUS SOLAR",0.00, 0.00, 0.00, 0.00, 0.00, 0.00, 0.04, 0.02, 0.04, 0.06, 0.07, 0.06, 0.06, 0.06, 0.05, 0.05, 0.02, 0.01, 0.00, 0.00, 0.00, 0.00, 0.00, 0.00
"GD POLARIS II",0.00, 0.00, 0.00, 0.00, 0.00, 0.01, 0.30, 0.60, 0.60, 0.70, 0.70, 0.80, 0.70, 0.70, 0.70, 0.30, 0.10, 0.05, 0.00, 0.00, 0.00, 0.00, 0.00, 0.00
"GD POLARIS III",0.00, 0.00, 0.00, 0.00, 0.00, 0.01, 0.30, 0.60, 0.60, 0.70, 0.70, 0.80, 0.70, 0.70, 0.70, 0.30, 0.10, 0.05, 0.00, 0.00, 0.00, 0.00, 0.00, 0.00
"GD PULOY",0.00, 0.00, 0.00, 0.00, 0.00, 0.01, 0.30, 0.60, 0.60, 0.70, 0.70, 0.80, 0.70, 0.70, 0.70, 0.30, 0.10, 0.05, 0.00, 0.00, 0.00, 0.00, 0.00, 0.00
"GD PXV I",0.00, 0.00, 0.00, 0.00, 0.00, 0.01, 0.10, 0.38, 0.60, 0.70, 0.80, 0.85, 0.85, 0.85, 0.70, 0.50, 0.22, 0.02, 0.00, 0.00, 0.00, 0.00, 0.00, 0.00
"GD PXV IV",0.00, 0.00, 0.00, 0.00, 0.00, 0.01, 0.10, 0.38, 0.60, 0.70, 0.80, 0.85, 0.85, 0.85, 0.70, 0.50, 0.22, 0.02, 0.00, 0.00, 0.00, 0.00, 0.00, 0.00
"GD SAN MARTIN",0.00, 0.00, 0.00, 0.00, 0.00, 0.00, 0.03, 0.17, 0.30, 0.45, 0.50, 0.44, 0.50, 0.35, 0.25, 0.33, 0.17, 0.04, 0.00, 0.00, 0.00, 0.00, 0.00, 0.00
"GD SAN MARTIN II",0.00, 0.00, 0.00, 0.00, 0.00, 0.00, 0.02, 0.17, 0.30, 0.45, 0.50, 0.50, 0.50, 0.35, 0.25, 0.33, 0.17, 0.04, 0.00, 0.00, 0.00, 0.00, 0.00, 0.00
"GD SAN MARTIN III",0.00, 0.00, 0.00, 0.00, 0.00, 0.00, 0.02, 0.17, 0.30, 0.45, 0.50, 0.50, 0.50, 0.35, 0.25, 0.20, 0.15, 0.04, 0.00, 0.00, 0.00, 0.00, 0.00, 0.00
"GD SAN PELAYO",0.00, 0.00, 0.00, 0.00, 0.00, 0.01, 0.30, 0.60, 0.60, 0.70, 0.70, 0.80, 0.70, 0.70, 0.70, 0.30, 0.10, 0.05, 0.00, 0.00, 0.00, 0.00, 0.00, 0.00
"GD SEMILLA DE EL PASO IIIA",0.00, 0.00, 0.00, 0.00, 0.00, 0.00, 0.06, 0.23, 0.45, 0.67, 0.79, 0.85, 0.85, 0.77, 0.63, 0.43, 0.18, 0.02, 0.00, 0.00, 0.00, 0.00, 0.00, 0.00
"GD SEMILLA DE EL PASO IVA",0.00, 0.00, 0.00, 0.00, 0.00, 0.00, 0.06, 0.23, 0.45, 0.67, 0.79, 0.85, 0.85, 0.77, 0.63, 0.43, 0.18, 0.02, 0.00, 0.00, 0.00, 0.00, 0.00, 0.00
"GD SEMILLA DE GUACAMAYAL II",0.00, 0.00, 0.00, 0.00, 0.00, 0.00, 0.01, 0.04, 0.07, 0.12, 0.08, 0.07, 0.06, 0.05, 0.02, 0.00, 0.00, 0.00, 0.00, 0.00, 0.00, 0.00, 0.00, 0.00
"GD SEMILLA DEL PASO IA",0.00, 0.00, 0.00, 0.00, 0.00, 0.00, 0.06, 0.23, 0.45, 0.67, 0.79, 0.85, 0.85, 0.77, 0.63, 0.43, 0.18, 0.02, 0.00, 0.00, 0.00, 0.00, 0.00, 0.00
"GD SEMILLA DEL PASO III",0.00, 0.00, 0.00, 0.00, 0.00, 0.00, 0.06, 0.23, 0.45, 0.67, 0.79, 0.85, 0.85, 0.77, 0.63, 0.43, 0.18, 0.02, 0.00, 0.00, 0.00, 0.00, 0.00, 0.00
"GD SEMILLAS MONTERIA I",0.00, 0.00, 0.00, 0.00, 0.00, 0.00, 0.01, 0.18, 0.31, 0.47, 0.70, 0.87, 0.88, 0.86, 0.50, 0.10, 0.08, 0.01, 0.00, 0.00, 0.00, 0.00, 0.00, 0.00
"GD SEMILLAS MONTERIA II",0.00, 0.00, 0.00, 0.00, 0.00, 0.00, 0.01, 0.18, 0.31, 0.47, 0.70, 0.87, 0.88, 0.86, 0.50, 0.10, 0.08, 0.01, 0.00, 0.00, 0.00, 0.00, 0.00, 0.00
"GD SEVILLANO RURAL I",0.00, 0.00, 0.00, 0.00, 0.00, 0.00, 0.04, 0.02, 0.04, 0.06, 0.07, 0.06, 0.06, 0.06, 0.05, 0.05, 0.02, 0.01, 0.00, 0.00, 0.00, 0.00, 0.00, 0.00
"GD SEVILLANO RURAL II",0.00, 0.00, 0.00, 0.00, 0.00, 0.00, 0.04, 0.02, 0.04, 0.06, 0.07, 0.06, 0.06, 0.06, 0.05, 0.05, 0.02, 0.01, 0.00, 0.00, 0.00, 0.00, 0.00, 0.00
"GD SINAI",0.00, 0.00, 0.00, 0.00, 0.00, 0.00, 0.17, 0.32, 0.46, 0.56, 0.63, 0.65, 0.63, 0.56, 0.46, 0.32, 0.17, 0.00, 0.00, 0.00, 0.00, 0.00, 0.00, 0.00
"GD SIRIUS",0.00, 0.00, 0.00, 0.00, 0.00, 0.01, 0.30, 0.60, 0.60, 0.70, 0.70, 0.80, 0.70, 0.70, 0.70, 0.30, 0.10, 0.05, 0.00, 0.00, 0.00, 0.00, 0.00, 0.00
"GD SOLYCIELO 9",0.00, 0.00, 0.00, 0.00, 0.00, 0.01, 0.30, 0.60, 0.60, 0.70, 0.80, 0.90, 0.80, 0.70, 0.70, 0.30, 0.10, 0.05, 0.00, 0.00, 0.00, 0.00, 0.00, 0.00
"GD SUAMOX",0.00, 0.00, 0.00, 0.00, 0.00, 0.03, 0.19, 0.44, 0.65, 0.79, 0.86, 0.85, 0.78, 0.77, 0.65, 0.38, 0.10, 0.00, 0.00, 0.00, 0.00, 0.00, 0.00, 0.00
"GD WE202",0.00, 0.00, 0.00, 0.00, 0.00, 0.00, 0.13, 0.25, 0.25, 0.32, 0.45, 0.45, 0.40, 0.77, 0.35, 0.25, 0.01, 0.00, 0.00, 0.00, 0.00, 0.00, 0.00, 0.00
"GD WE2021",0.00, 0.00, 0.00, 0.00, 0.00, 0.00, 0.13, 0.25, 0.25, 0.32, 0.45, 0.45, 0.40, 0.77, 0.35, 0.25, 0.01, 0.00, 0.00, 0.00, 0.00, 0.00, 0.00, 0.00
"GD YUAN SOLAR",0.00, 0.00, 0.00, 0.00, 0.00, 0.01, 0.30, 0.60, 0.60, 0.70, 0.70, 0.80, 0.70, 0.70, 0.70, 0.30, 0.10, 0.05, 0.00, 0.00, 0.00, 0.00, 0.00, 0.00
"GD YURBAQUA",0.00, 0.00, 0.00, 0.00, 0.00, 0.01, 0.30, 0.60, 0.60, 0.70, 0.70, 0.80, 0.70, 0.70, 0.70, 0.30, 0.10, 0.05, 0.00, 0.00, 0.00, 0.00, 0.00, 0.00
"GECELCA 3",0.00, 0.00, 0.00, 0.00, 0.00, 0.00, 0.00, 0.00, 0.00, 0.00, 0.00, 0.00, 0.00, 0.00, 0.00, 0.00, 105.61, 164.00, 164.00, 164.00, 164.00, 164.00, 0.00, 0.00
"GECELCA 32",0.00, 0.00, 0.00, 0.00, 0.00, 0.00, 0.00, 0.00, 0.00, 0.00, 0.00, 0.00, 0.00, 0.00, 0.00, 0.00, 0.00, 0.00, 0.00, 0.00, 0.00, 0.00, 0.00, 0.00
"GR PARQUE SOLAR TUCANES",0.00, 0.00, 0.00, 0.00, 0.00, 0.00, 1.00, 6.00, 8.00, 9.00, 9.00, 8.00, 9.00, 9.00, 7.00, 8.00, 6.00, 1.00, 0.00, 0.00, 0.00, 0.00, 0.00, 0.00
"GRANJA SOLAR BELMONTE",0.00, 0.00, 0.00, 0.00, 0.00, 0.00, 0.07, 0.51, 0.94, 1.66, 0.06, 2.41, 0.01, 0.03, 1.71, 0.79, 0.43, 0.09, 0.00, 0.00, 0.00, 0.00, 0.00, 0.00
"GRANJA SOLAR EL SALADO",0.00, 0.00, 0.00, 0.00, 0.00, 0.00, 0.00, 0.02, 0.04, 0.07, 0.07, 0.08, 0.09, 0.08, 0.07, 0.04, 0.02, 0.01, 0.00, 0.00, 0.00, 0.00, 0.00, 0.00
"GRANJA SOLAR FLANDES",0.00, 0.00, 0.00, 0.00, 0.00, 0.00, 2.00, 5.00, 11.00, 17.00, 19.00, 16.00, 8.00, 5.00, 2.00, 0.00, 0.00, 0.00, 0.00, 0.00, 0.00, 0.00, 0.00, 0.00
"GRANJA SOLAR LANCEROS",0.00, 0.00, 0.00, 0.00, 0.00, 0.00, 1.00, 3.00, 7.00, 7.00, 8.00, 6.00, 3.00, 2.00, 0.00, 0.00, 0.00, 0.00, 0.00, 0.00, 0.00, 0.00, 0.00, 0.00
"GRANJA SOLAR SAN FELIPE",0.00, 0.00, 0.00, 0.00, 0.00, 0.00, 0.00, 0.00, 3.00, 4.00, 6.00, 6.00, 3.00, 2.00, 2.00, 0.00, 0.00, 0.00, 0.00, 0.00, 0.00, 0.00, 0.00, 0.00
"GUACAICA",0.00, 0.00, 0.00, 0.00, 0.00, 0.00, 0.00, 0.00, 0.00, 0.00, 0.00, 0.00, 0.00, 0.00, 0.00, 0.00, 0.00, 0.00, 0.00, 0.00, 0.00, 0.00, 0.00, 0.00
"GUAJIRA 1",0.00, 0.00, 0.00, 0.00, 0.00, 0.00, 0.00, 0.00, 0.00, 0.00, 0.00, 0.00, 0.00, 0.00, 0.00, 0.00, 0.00, 0.00, 104.24, 145.00, 116.93, 0.00, 0.00, 0.00
"GUAJIRA 2",0.00, 0.00, 0.00, 0.00, 0.00, 0.00, 0.00, 0.00, 0.00, 0.00, 0.00, 0.00, 0.00, 0.00, 0.00, 0.00, 0.00, 0.00, 0.00, 0.00, 0.00, 0.00, 0.00, 0.00
"GUAMO",0.00, 0.00, 0.00, 0.00, 0.00, 0.42, 1.76, 3.31, 4.75, 6.21, 7.18, 7.28, 6.61, 5.55, 4.10, 2.31, 0.57, 0.00, 0.00, 0.00, 0.00, 0.00, 0.00, 0.00
"GUANAQUITAS",5.41, 5.41, 5.41, 5.41, 5.41, 5.41, 5.41, 5.41, 5.41, 5.41, 5.41, 5.41, 5.41, 5.41, 5.41, 5.41, 5.41, 5.41, 5.41, 5.41, 5.41, 5.41, 5.41, 5.41
"GUATAPE",420.00, 420.00, 420.00, 420.00, 420.00, 420.00, 420.00, 420.00, 420.00, 420.00, 420.00, 420.00, 420.00, 420.00, 420.00, 420.00, 420.00, 420.00, 420.00, 420.00, 420.00, 420.00, 420.00, 420.00
"GUATRON",428.00, 428.00, 428.00, 428.00, 428.00, 428.00, 428.00, 237.00, 237.00, 237.00, 237.00, 237.00, 237.00, 237.00, 237.00, 237.00, 237.00, 237.00, 237.00, 237.00, 237.00, 237.00, 237.00, 237.00
"GUAVIO",0.00, 0.00, 0.00, 0.00, 0.00, 0.00, 0.00, 0.00, 0.00, 0.00, 0.00, 0.00, 0.00, 0.00, 896.89, 960.00, 960.00, 960.00, 960.00, 960.00, 960.00, 960.00, 960.00, 921.12
"GUAVIO MENOR",5.00, 5.00, 5.00, 5.00, 5.00, 5.00, 5.00, 5.00, 5.00, 5.00, 5.00, 5.00, 5.00, 5.00, 5.00, 5.00, 5.00, 5.00, 5.00, 5.00, 5.00, 5.00, 5.00, 5.00
"GUAYEPO",0.00, 0.00, 0.00, 0.00, 0.00, 0.00, 26.00, 110.00, 194.00, 248.00, 310.00, 300.00, 302.00, 270.00, 241.00, 99.00, 93.00, 19.00, 0.00, 0.00, 0.00, 0.00, 0.00, 0.00
"GUAYEPO III",0.00, 0.00, 0.00, 0.00, 0.00, 0.00, 17.00, 97.00, 140.00, 164.00, 164.00, 164.00, 164.00, 164.00, 164.00, 164.00, 20.00, 20.00, 0.00, 0.00, 0.00, 0.00, 0.00, 0.00
"GY SOLAR AURORA",0.00, 0.00, 0.00, 0.00, 0.00, 0.01, 0.03, 0.24, 0.36, 0.51, 0.63, 0.54, 0.61, 0.20, 0.10, 0.00, 0.00, 0.00, 0.00, 0.00, 0.00, 0.00, 0.00, 0.00
"HELIOS I",0.00, 0.00, 0.00, 0.00, 0.00, 0.12, 1.50, 2.00, 4.00, 3.50, 2.50, 4.20, 3.50, 2.30, 3.50, 3.00, 0.80, 0.00, 0.00, 0.00, 0.00, 0.00, 0.00, 0.00
"HIDROBARRANCAS",3.10, 3.10, 3.10, 3.10, 3.10, 3.10, 3.10, 3.10, 3.10, 3.10, 3.10, 3.10, 3.10, 3.10, 3.10, 3.10, 3.10, 3.10, 3.10, 3.10, 3.10, 3.10, 3.10, 3.10
"HIDROMONTAÑITAS",0.00, 0.00, 0.00, 0.00, 0.00, 18.00, 18.00, 16.00, 16.00, 14.00, 14.00, 14.00, 14.00, 14.00, 14.00, 12.00, 12.00, 12.00, 12.00, 12.00, 12.00, 12.00, 0.00, 0.00
"INCAUCA 1",24.50, 24.50, 24.50, 24.50, 24.50, 24.50, 24.50, 24.50, 24.50, 24.50, 24.50, 24.50, 24.50, 24.50, 24.50, 24.50, 24.50, 24.50, 24.50, 24.50, 24.50, 24.50, 24.50, 24.50
"INGENIO PICHICHI 1",0.00, 0.00, 0.00, 0.00, 0.00, 0.00, 0.00, 0.00, 0.00, 0.00, 0.00, 0.00, 0.00, 0.00, 0.00, 0.00, 0.00, 0.00, 0.00, 0.00, 0.00, 0.00, 0.00, 0.00
"INGENIO PROVIDENCIA 2",12.30, 12.30, 12.30, 12.30, 12.30, 12.30, 12.30, 12.30, 12.30, 12.30, 12.30, 12.30, 12.30, 12.30, 12.30, 12.30, 12.30, 12.30, 12.30, 12.30, 12.30, 12.30, 12.30, 12.30
"INGENIO RIOPAILA 1",10.00, 10.00, 10.00, 10.00, 10.00, 10.00, 10.00, 10.00, 10.00, 10.00, 10.00, 10.00, 10.00, 10.00, 10.00, 10.00, 10.00, 10.00, 10.00, 10.00, 10.00, 10.00, 10.00, 10.00
"INGENIO RISARALDA 1",13.00, 13.00, 13.00, 13.00, 13.00, 13.00, 13.00, 13.00, 13.00, 13.00, 13.00, 13.00, 13.00, 13.00, 13.00, 13.00, 13.00, 13.00, 13.00, 13.00, 13.00, 13.00, 13.00, 13.00
"INGENIO SAN CARLOS 1",1.59, 1.59, 1.59, 1.59, 1.59, 1.59, 1.59, 1.59, 1.59, 1.59, 1.59, 1.59, 1.59, 1.59, 1.59, 1.59, 1.59, 1.59, 1.59, 1.59, 1.59, 1.59, 1.59, 1.59
"INSULA",12.00, 12.00, 12.00, 12.00, 12.00, 12.00, 12.00, 12.00, 12.00, 12.00, 12.00, 12.00, 12.00, 12.00, 12.00, 12.00, 12.00, 12.00, 12.00, 12.00, 12.00, 12.00, 12.00, 12.00
"INTERMEDIA",0.00, 0.00, 0.00, 0.00, 0.00, 0.00, 0.00, 0.00, 0.00, 0.00, 0.00, 0.00, 0.00, 0.00, 0.00, 0.00, 0.00, 0.00, 0.00, 0.00, 0.00, 0.00, 0.00, 0.00
"INZA",0.00, 0.00, 0.00, 0.00, 0.00, 0.00, 0.00, 0.00, 0.00, 0.00, 0.00, 0.00, 0.00, 0.00, 0.00, 0.00, 0.00, 0.00, 0.00, 0.00, 0.00, 0.00, 0.00, 0.00
"IQUIRA I",0.00, 0.00, 0.00, 0.00, 0.00, 0.00, 0.00, 0.00, 0.00, 0.00, 0.00, 0.00, 0.00, 0.00, 0.00, 0.00, 0.00, 0.00, 0.00, 0.00, 0.00, 0.00, 0.00, 0.00
"IQUIRA II",0.00, 0.00, 0.00, 0.00, 0.00, 0.00, 0.00, 0.00, 0.00, 0.00, 0.00, 0.00, 0.00, 0.00, 0.00, 0.00, 0.00, 0.00, 0.00, 0.00, 0.00, 0.00, 0.00, 0.00
"ITUANGO",1200.00, 1200.00, 1200.00, 1200.00, 1200.00, 1200.00, 1200.00, 900.00, 900.00, 900.00, 900.00, 900.00, 900.00, 900.00, 900.00, 900.00, 900.00, 900.00, 900.00, 900.00, 900.00, 900.00, 900.00, 900.00
"JAGUAS",170.00, 170.00, 170.00, 170.00, 170.00, 170.00, 170.00, 170.00, 170.00, 170.00, 170.00, 170.00, 170.00, 170.00, 170.00, 170.00, 170.00, 170.00, 170.00, 170.00, 170.00, 170.00, 170.00, 170.00
"JEQUES",0.00, 0.00, 0.00, 0.00, 0.00, 0.01, 0.03, 0.24, 0.36, 0.51, 0.63, 0.54, 0.61, 0.20, 0.10, 0.00, 0.00, 0.00, 0.00, 0.00, 0.00, 0.00, 0.00, 0.00
"JUAN GARCIA",2.20, 2.20, 2.20, 2.20, 2.20, 2.20, 2.20, 2.20, 2.20, 2.20, 2.20, 2.20, 2.20, 2.20, 2.20, 2.20, 2.20, 2.20, 2.20, 2.20, 2.20, 2.20, 2.80, 2.80
"JUMI",0.00, 0.00, 0.00, 0.00, 0.00, 0.61, 2.36, 4.43, 6.27, 7.80, 8.70, 8.80, 8.06, 6.93, 5.10, 2.84, 0.86, 0.02, 0.00, 0.00, 0.00, 0.00, 0.00, 0.00
"LA CASCADA ( ABEJORRAL)",2.00, 2.00, 2.00, 2.00, 2.00, 2.00, 2.00, 2.00, 2.00, 2.00, 2.00, 2.00, 2.00, 2.00, 2.00, 2.00, 2.00, 2.00, 2.00, 2.00, 2.00, 2.00, 2.00, 2.00
"LA CASCADA (ANTIOQUIA)",2.04, 2.04, 2.04, 2.04, 2.04, 2.04, 2.04, 2.04, 2.04, 2.04, 2.04, 2.04, 2.04, 2.04, 2.04, 2.04, 2.04, 2.04, 2.04, 2.04, 2.04, 2.04, 2.04, 2.04
"LA CASCADA DE GRANADA",0.70, 0.70, 0.70, 0.70, 0.70, 0.70, 0.70, 0.70, 0.70, 0.70, 0.70, 0.70, 0.70, 0.70, 0.70, 0.70, 0.70, 0.70, 0.70, 0.70, 0.70, 0.70, 0.70, 0.70
"LA CHORRERA",9.50, 9.50, 9.50, 9.50, 9.50, 9.50, 9.50, 9.50, 9.50, 9.50, 9.50, 9.50, 9.50, 10.50, 10.50, 11.50, 11.50, 12.50, 14.50, 14.50, 14.50, 14.50, 14.50, 14.50
"LA FRISOLERA",0.29, 0.29, 0.29, 0.29, 0.29, 0.29, 0.29, 0.29, 0.29, 0.29, 0.29, 0.29, 0.29, 0.29, 0.29, 0.29, 0.29, 0.29, 0.29, 0.29, 0.29, 0.29, 0.29, 0.29
"LA HERRADURA",18.40, 18.40, 18.40, 18.40, 18.40, 18.40, 18.40, 18.40, 18.40, 18.40, 18.40, 18.40, 18.40, 18.40, 18.40, 18.40, 18.40, 18.40, 18.40, 18.40, 18.40, 18.40, 18.40, 18.40
"LA INGLESA",0.00, 0.00, 0.00, 0.00, 0.00, 0.01, 0.30, 0.60, 0.60, 0.70, 0.70, 0.80, 0.70, 0.70, 0.70, 0.30, 0.01, 0.05, 0.00, 0.00, 0.00, 0.00, 0.00, 0.00
"LA MARTINA",0.00, 0.00, 0.00, 0.00, 0.00, 0.01, 0.49, 1.84, 3.78, 5.64, 6.76, 7.86, 8.22, 7.33, 6.35, 4.67, 2.57, 0.51, 0.00, 0.00, 0.00, 0.00, 0.00, 0.00
"LA MATA",0.00, 0.00, 0.00, 0.00, 0.00, 0.00, 0.00, 22.00, 56.00, 59.00, 57.00, 58.00, 56.00, 56.00, 53.00, 34.00, 13.00, 8.00, 0.00, 0.00, 0.00, 0.00, 0.00, 0.00
"LA MEDINA",0.00, 0.00, 0.00, 0.00, 0.00, 0.00, 0.00, 2.00, 4.00, 6.00, 8.00, 6.00, 9.00, 9.00, 7.00, 4.00, 2.00, 0.00, 0.00, 0.00, 0.00, 0.00, 0.00, 0.00
"LA NAVETA",3.00, 3.00, 3.00, 3.00, 3.00, 3.00, 3.00, 3.00, 3.00, 3.00, 3.00, 3.00, 3.00, 3.00, 3.00, 3.00, 3.00, 3.00, 3.00, 3.00, 3.00, 3.00, 3.00, 3.00
"LA NENERA",0.00, 0.00, 0.00, 0.00, 0.00, 0.00, 0.02, 0.06, 0.30, 0.66, 0.97, 0.96, 0.86, 0.79, 0.61, 0.47, 0.28, 0.09, 0.00, 0.00, 0.00, 0.00, 0.00, 0.00
"LA PITA",0.00, 0.00, 0.00, 0.00, 0.00, 0.00, 0.00, 0.00, 0.00, 0.00, 0.00, 0.00, 0.00, 0.00, 0.00, 0.00, 0.00, 0.00, 0.00, 0.00, 0.00, 0.00, 0.00, 0.00
"LA REBUSCA",0.65, 0.65, 0.65, 0.65, 0.65, 0.65, 0.65, 0.65, 0.65, 0.65, 0.65, 0.65, 0.65, 0.65, 0.65, 0.65, 0.65, 0.65, 0.65, 0.65, 0.65, 0.65, 0.65, 0.65
"LA SIERPE",0.00, 0.00, 0.00, 0.00, 0.00, 0.00, 2.00, 4.00, 6.00, 12.00, 19.00, 19.00, 19.00, 19.00, 16.00, 14.00, 4.00, 6.00, 1.00, 0.00, 0.00, 0.00, 0.00, 0.00
"LA TASAJERA",306.00, 306.00, 306.00, 306.00, 306.00, 306.00, 306.00, 306.00, 306.00, 306.00, 306.00, 306.00, 306.00, 306.00, 306.00, 306.00, 306.00, 306.00, 306.00, 306.00, 306.00, 306.00, 306.00, 306.00
"LA TOLUA",0.00, 0.00, 0.00, 0.00, 0.00, 0.00, 2.00, 4.00, 6.00, 8.00, 19.00, 19.00, 19.00, 19.00, 16.00, 14.00, 8.00, 6.00, 1.00, 0.00, 0.00, 0.00, 0.00, 0.00
"LA VUELTA",4.00, 4.00, 4.00, 4.00, 4.00, 4.00, 4.00, 4.00, 4.00, 4.00, 4.00, 4.00, 4.00, 4.00, 4.00, 4.00, 4.00, 4.00, 4.00, 4.00, 4.00, 4.00, 4.00, 4.00
"LAGUNETA",18.00, 18.00, 18.00, 18.00, 18.00, 18.00, 18.00, 18.00, 0.00, 0.00, 0.00, 0.00, 0.00, 0.00, 0.00, 0.00, 0.00, 18.00, 18.00, 18.00, 18.00, 18.00, 18.00, 18.00
"LAS PALMAS",2.80, 2.80, 2.80, 2.80, 2.80, 2.80, 2.80, 2.80, 2.80, 2.80, 2.80, 2.80, 2.80, 2.80, 2.80, 2.80, 2.80, 2.80, 2.80, 2.80, 2.80, 2.80, 2.80, 2.80
"LAS VIOLETAS",0.45, 0.45, 0.45, 0.45, 0.45, 0.45, 0.45, 0.45, 0.45, 0.45, 0.45, 0.45, 0.45, 0.45, 0.45, 0.45, 0.45, 0.45, 0.45, 0.45, 0.45, 0.45, 0.45, 0.00
"LATAM SOLAR LA LOMA",0.00, 0.00, 0.00, 0.00, 0.00, 0.00, 19.00, 94.00, 129.00, 146.00, 146.00, 149.00, 146.00, 144.00, 143.00, 129.00, 84.00, 18.00, 0.00, 0.00, 0.00, 0.00, 0.00, 0.00
"LOS CABALLEROS",0.00, 0.00, 0.00, 0.00, 0.00, 0.00, 0.00, 2.00, 4.00, 7.00, 8.00, 6.00, 9.00, 9.00, 7.00, 4.00, 2.00, 0.00, 0.00, 0.00, 0.00, 0.00, 0.00, 0.00
"LOS GIRASOLES",0.00, 0.00, 0.00, 0.00, 0.00, 0.00, 0.00, 3.33, 6.34, 7.28, 7.80, 7.68, 7.50, 6.00, 5.24, 4.15, 3.04, 0.00, 0.00, 0.00, 0.00, 0.00, 0.00, 0.00
"LUZMA I",19.54, 19.54, 19.54, 19.54, 19.54, 19.54, 19.54, 19.54, 19.54, 19.54, 19.54, 19.54, 19.54, 19.54, 19.54, 19.54, 19.54, 19.54, 19.54, 19.54, 19.54, 19.54, 19.54, 19.54
"LUZMA II",18.98, 18.98, 18.98, 18.98, 18.98, 18.98, 18.98, 18.98, 18.98, 18.98, 18.98, 18.98, 18.98, 18.98, 18.98, 18.98, 18.98, 18.98, 18.98, 18.98, 18.98, 18.98, 18.98, 18.98
"MAGALLO",2.30, 2.30, 2.30, 2.30, 2.30, 2.30, 2.30, 2.30, 2.30, 2.30, 2.30, 2.30, 2.30, 2.30, 2.30, 2.30, 2.30, 2.30, 2.30, 2.30, 2.30, 2.30, 2.30, 2.30
"MANANTIALES",2.00, 2.00, 2.00, 2.00, 2.00, 2.00, 2.00, 2.00, 2.00, 2.00, 2.00, 2.00, 2.00, 2.00, 2.00, 2.00, 2.00, 2.00, 2.00, 2.00, 2.00, 2.00, 2.00, 2.00
"MAYAGUEZ 1",16.40, 16.40, 16.40, 16.40, 16.40, 16.40, 16.40, 16.40, 16.40, 16.40, 16.40, 16.40, 16.40, 16.40, 16.40, 16.40, 16.40, 16.40, 16.40, 16.40, 16.40, 16.40, 16.40, 16.40
"MERILECTRICA 1",0.00, 0.00, 0.00, 0.00, 0.00, 0.00, 0.00, 0.00, 0.00, 0.00, 0.00, 0.00, 0.00, 0.00, 0.00, 0.00, 0.00, 0.00, 0.00, 0.00, 0.00, 0.00, 0.00, 0.00
"MIEL I",0.00, 0.00, 0.00, 0.00, 0.00, 0.00, 0.00, 0.00, 0.00, 0.00, 0.00, 0.00, 0.00, 0.00, 0.00, 384.00, 384.00, 384.00, 384.00, 384.00, 384.00, 384.00, 384.00, 0.00
"MINIGRANJA EL COPEY OCCIDENTE",0.00, 0.00, 0.00, 0.00, 0.00, 0.01, 0.30, 0.60, 0.60, 0.70, 0.70, 0.80, 0.70, 0.70, 0.70, 0.30, 0.10, 0.05, 0.00, 0.00, 0.00, 0.00, 0.00, 0.00
"MINIGRANJA EL JOROPO",0.00, 0.00, 0.00, 0.00, 0.00, 0.01, 0.30, 0.60, 0.60, 0.70, 0.70, 0.80, 0.70, 0.70, 0.70, 0.30, 0.10, 0.05, 0.00, 0.00, 0.00, 0.00, 0.00, 0.00
"MINIGRANJA EL MAPALE",0.00, 0.00, 0.00, 0.00, 0.00, 0.01, 0.30, 0.60, 0.60, 0.70, 0.70, 0.80, 0.70, 0.70, 0.70, 0.30, 0.10, 0.05, 0.00, 0.00, 0.00, 0.00, 0.00, 0.00
"MINIGRANJA EL MERENGUE",0.00, 0.00, 0.00, 0.00, 0.00, 0.01, 0.30, 0.60, 0.60, 0.70, 0.80, 0.90, 0.80, 0.70, 0.70, 0.30, 0.10, 0.05, 0.00, 0.00, 0.00, 0.00, 0.00, 0.00
"MINIGRANJA EL MOLINO",0.00, 0.00, 0.00, 0.00, 0.00, 0.01, 0.30, 0.60, 0.60, 0.70, 0.70, 0.80, 0.70, 0.70, 0.70, 0.30, 0.01, 0.05, 0.00, 0.00, 0.00, 0.00, 0.00, 0.00
"MINIGRANJA EL OLIMPO",0.00, 0.00, 0.00, 0.00, 0.00, 0.01, 0.30, 0.60, 0.60, 0.70, 0.70, 0.80, 0.70, 0.70, 0.70, 0.30, 0.10, 0.05, 0.00, 0.00, 0.00, 0.00, 0.00, 0.00
"MINIGRANJA EL SON",0.00, 0.00, 0.00, 0.00, 0.00, 0.01, 0.30, 0.60, 0.60, 0.70, 0.70, 0.80, 0.70, 0.70, 0.70, 0.30, 0.10, 0.05, 0.00, 0.00, 0.00, 0.00, 0.00, 0.00
"MINIGRANJA IBIRICO",0.00, 0.00, 0.00, 0.00, 0.00, 0.01, 0.30, 0.60, 0.60, 0.70, 0.70, 0.80, 0.70, 0.70, 0.70, 0.30, 0.10, 0.05, 0.00, 0.00, 0.00, 0.00, 0.00, 0.00
"MINIGRANJA LA CUMBIA",0.00, 0.00, 0.00, 0.00, 0.00, 0.01, 0.30, 0.60, 0.60, 0.70, 0.70, 0.80, 0.70, 0.70, 0.70, 0.30, 0.10, 0.05, 0.00, 0.00, 0.00, 0.00, 0.00, 0.00
"MINIGRANJA LA PAZ ESMERALDA",0.00, 0.00, 0.00, 0.00, 0.00, 0.01, 0.30, 0.60, 0.60, 0.70, 0.70, 0.80, 0.70, 0.70, 0.70, 0.30, 0.10, 0.05, 0.00, 0.00, 0.00, 0.00, 0.00, 0.00
"MINIGRANJA LA PAZ LEYENDA",0.00, 0.00, 0.00, 0.00, 0.00, 0.01, 0.30, 0.60, 0.60, 0.70, 0.70, 0.80, 0.70, 0.70, 0.70, 0.30, 0.01, 0.05, 0.00, 0.00, 0.00, 0.00, 0.00, 0.00
"MINIGRANJA LA PAZ VALLENATA",0.00, 0.00, 0.00, 0.00, 0.00, 0.01, 0.30, 0.60, 0.60, 0.70, 0.70, 0.80, 0.70, 0.70, 0.70, 0.30, 0.01, 0.05, 0.00, 0.00, 0.00, 0.00, 0.00, 0.00
"MINIGRANJA LA PAZ VERSO",0.00, 0.00, 0.00, 0.00, 0.00, 0.01, 0.30, 0.60, 0.60, 0.70, 0.70, 0.80, 0.70, 0.70, 0.70, 0.30, 0.10, 0.05, 0.00, 0.00, 0.00, 0.00, 0.00, 0.00
"MINIGRANJA LA PUYA",0.00, 0.00, 0.00, 0.00, 0.00, 0.01, 0.30, 0.60, 0.60, 0.70, 0.70, 0.80, 0.70, 0.70, 0.70, 0.30, 0.10, 0.05, 0.00, 0.00, 0.00, 0.00, 0.00, 0.00
"MINIGRANJA LA RESERVA",0.00, 0.00, 0.00, 0.00, 0.00, 0.01, 0.30, 0.60, 0.60, 0.70, 0.70, 0.80, 0.70, 0.70, 0.70, 0.30, 0.10, 0.05, 0.00, 0.00, 0.00, 0.00, 0.00, 0.00
"MINIGRANJA SAN DIEGO SUR",0.00, 0.00, 0.00, 0.00, 0.00, 0.01, 0.30, 0.60, 0.60, 0.70, 0.70, 0.80, 0.70, 0.70, 0.70, 0.30, 0.10, 0.05, 0.00, 0.00, 0.00, 0.00, 0.00, 0.00
"MINIGRANJA SAN PEDRO",0.00, 0.00, 0.00, 0.00, 0.00, 0.00, 0.14, 0.32, 0.32, 0.55, 0.64, 0.73, 0.82, 0.73, 0.64, 0.55, 0.32, 0.14, 0.00, 0.00, 0.00, 0.00, 0.00, 0.00
"MINIGRANJA VALENCIA ORIENTE I",0.00, 0.00, 0.00, 0.00, 0.00, 0.01, 0.30, 0.60, 0.60, 0.70, 0.70, 0.80, 0.70, 0.70, 0.70, 0.30, 0.10, 0.05, 0.00, 0.00, 0.00, 0.00, 0.00, 0.00
"MINIGRANJA VALENCIA ORIENTE II",0.00, 0.00, 0.00, 0.00, 0.00, 0.01, 0.30, 0.60, 0.60, 0.70, 0.70, 0.80, 0.70, 0.70, 0.70, 0.30, 0.10, 0.05, 0.00, 0.00, 0.00, 0.00, 0.00, 0.00
"MINIGRANJA VILLANUEVA",0.00, 0.00, 0.00, 0.00, 0.00, 0.01, 0.30, 0.60, 0.60, 0.70, 0.80, 0.90, 0.80, 0.70, 0.70, 0.30, 0.10, 0.05, 0.00, 0.00, 0.00, 0.00, 0.00, 0.00
"MIROLINDO",2.22, 2.22, 2.22, 2.22, 2.22, 2.22, 2.22, 2.22, 2.22, 2.22, 2.22, 2.22, 2.22, 2.22, 2.22, 2.22, 2.22, 2.22, 2.22, 2.22, 2.22, 2.22, 2.22, 2.22
"MONDOMO",0.44, 0.44, 0.44, 0.44, 0.44, 0.44, 0.44, 0.44, 0.44, 0.44, 0.44, 0.44, 0.44, 0.44, 0.44, 0.44, 0.44, 0.44, 0.44, 0.44, 0.44, 0.44, 0.44, 0.44
"MONTELIBANO",0.00, 0.00, 0.00, 0.00, 0.00, 0.00, 0.00, 2.00, 5.00, 6.00, 9.00, 7.00, 8.00, 8.00, 7.00, 5.00, 3.00, 0.00, 0.00, 0.00, 0.00, 0.00, 0.00, 0.00
"MORRO AZUL",12.00, 12.00, 12.00, 12.00, 12.00, 12.00, 12.00, 12.00, 12.00, 12.00, 12.00, 12.00, 12.00, 12.00, 12.00, 12.00, 12.00, 12.00, 12.00, 12.00, 12.00, 12.00, 12.00, 12.00
"MULATOS II",2.96, 2.96, 2.96, 2.96, 2.96, 2.96, 2.96, 2.96, 2.96, 2.96, 2.96, 2.96, 2.96, 2.96, 2.96, 2.96, 2.96, 2.96, 2.96, 2.96, 2.96, 2.96, 2.96, 2.96
"MUNICIPAL",0.50, 0.50, 0.50, 0.50, 0.50, 0.50, 0.50, 0.50, 0.50, 0.50, 0.50, 0.50, 0.50, 0.50, 0.50, 0.50, 0.50, 0.50, 0.50, 0.50, 0.50, 0.50, 0.50, 0.50
"NIMA",3.00, 3.00, 3.00, 3.00, 3.00, 3.00, 3.00, 3.00, 3.00, 3.00, 3.00, 3.00, 3.00, 3.00, 3.00, 3.00, 2.00, 2.00, 2.00, 2.00, 2.00, 2.00, 0.00, 0.00
"NIQUIA",13.00, 13.00, 13.00, 13.00, 13.00, 13.00, 13.00, 13.00, 13.00, 13.00, 13.00, 13.00, 13.00, 13.00, 13.00, 13.00, 13.00, 13.00, 13.00, 13.00, 13.00, 13.00, 13.00, 13.00
"NUEVO LIBARE",0.00, 0.00, 0.00, 0.00, 0.00, 0.00, 0.00, 0.00, 0.00, 0.00, 0.00, 0.00, 0.00, 0.00, 0.00, 0.00, 0.00, 0.00, 0.00, 0.00, 0.00, 0.00, 0.00, 0.00
"NUMBANA",0.00, 0.00, 0.00, 0.00, 0.00, 0.46, 2.00, 3.75, 5.38, 7.01, 7.93, 8.04, 7.46, 6.29, 4.67, 2.62, 0.63, 0.00, 0.00, 0.00, 0.00, 0.00, 0.00, 0.00
"NUTIBARA",0.30, 0.30, 0.30, 0.30, 0.30, 0.30, 0.30, 0.30, 0.30, 0.30, 0.30, 0.30, 0.30, 0.30, 0.30, 0.30, 0.30, 0.30, 0.30, 0.30, 0.30, 0.30, 0.30, 0.30
"OIBITA",18.00, 18.00, 18.00, 18.00, 18.00, 18.00, 18.00, 18.00, 18.00, 18.00, 18.00, 18.00, 18.00, 18.00, 18.00, 18.00, 18.00, 18.00, 18.00, 18.00, 18.00, 18.00, 18.00, 18.00
"OVEJAS",0.82, 0.82, 0.82, 0.82, 0.82, 0.82, 0.82, 0.82, 0.82, 0.82, 0.82, 0.82, 0.82, 0.82, 0.82, 0.82, 0.82, 0.82, 0.82, 0.82, 0.82, 0.82, 0.82, 0.82
"PAGUA",600.00, 600.00, 600.00, 600.00, 600.00, 600.00, 600.00, 600.00, 600.00, 600.00, 600.00, 600.00, 600.00, 600.00, 600.00, 600.00, 600.00, 600.00, 600.00, 600.00, 600.00, 600.00, 600.00, 600.00
"PAIPA 1",0.00, 0.00, 0.00, 0.00, 0.00, 0.00, 0.00, 0.00, 0.00, 0.00, 0.00, 0.00, 0.00, 0.00, 0.00, 0.00, 23.00, 23.00, 23.00, 23.00, 23.00, 23.00, 0.00, 0.00
"PAIPA 2",0.00, 0.00, 0.00, 0.00, 0.00, 0.00, 0.00, 0.00, 0.00, 0.00, 0.00, 0.00, 0.00, 0.00, 0.00, 66.70, 72.00, 72.00, 72.00, 72.00, 72.00, 72.00, 71.38, 0.00
"PAIPA 3",0.00, 0.00, 0.00, 0.00, 0.00, 0.00, 0.00, 0.00, 0.00, 0.00, 0.00, 0.00, 0.00, 0.00, 0.00, 0.00, 70.00, 70.00, 70.00, 70.00, 70.00, 70.00, 1.00, 0.00
"PAIPA 4",0.00, 0.00, 0.00, 0.00, 0.00, 0.00, 0.00, 0.00, 0.00, 0.00, 0.00, 0.00, 0.00, 0.00, 0.00, 0.00, 165.00, 165.00, 165.00, 165.00, 165.00, 165.00, 0.00, 0.00
"PAJARITO",10.40, 10.40, 10.40, 10.40, 10.40, 10.40, 10.40, 10.40, 10.40, 10.40, 10.40, 10.40, 10.40, 10.40, 10.40, 10.40, 10.40, 10.40, 10.40, 10.40, 10.40, 10.40, 10.40, 10.40
"PALMAS SAN GIL",0.00, 0.00, 0.00, 0.00, 0.00, 0.00, 0.00, 0.00, 0.00, 0.00, 0.00, 0.00, 0.00, 0.00, 0.00, 0.00, 0.00, 0.00, 0.00, 0.00, 0.00, 0.00, 0.00, 0.00
"PAPELES NACIONALES",0.00, 0.00, 0.00, 0.00, 0.00, 0.00, 0.00, 0.00, 0.00, 0.00, 0.00, 0.00, 0.00, 0.00, 0.00, 0.00, 0.00, 0.00, 0.00, 0.00, 0.00, 0.00, 0.00, 0.00
"PARQUE EOLICO CARRETO",7.00, 6.00, 3.00, 0.00, 0.00, 0.00, 0.00, 0.00, 0.00, 2.00, 5.00, 6.00, 7.00, 7.00, 5.00, 5.00, 4.00, 1.00, 0.00, 0.00, 0.00, 0.00, 0.00, 0.00
"PARQUE EOLICO GUAJIRA I",7.06, 6.74, 6.10, 4.84, 3.54, 2.91, 2.74, 3.29, 3.15, 4.22, 4.88, 5.52, 6.41, 8.67, 12.42, 15.31, 16.96, 17.58, 17.62, 15.40, 13.26, 11.53, 11.20, 9.87
"PARQUE EOLICO WESP01",7.88, 7.56, 7.01, 6.13, 5.15, 4.56, 4.25, 4.63, 4.17, 4.34, 5.46, 7.27, 9.24, 10.78, 11.42, 11.13, 11.60, 11.50, 11.83, 11.34, 10.85, 10.44, 10.46, 9.95
"PARQUE SOLAR ARENAL",0.00, 0.00, 0.00, 0.00, 0.00, 0.00, 0.00, 0.40, 1.10, 1.40, 1.50, 1.50, 1.50, 1.30, 1.10, 0.90, 0.40, 0.10, 0.00, 0.00, 0.00, 0.00, 0.00, 0.00
"PARQUE SOLAR BARANOA",0.00, 0.00, 0.00, 0.00, 0.00, 0.00, 4.00, 9.00, 16.00, 19.00, 19.00, 17.00, 8.00, 6.00, 5.00, 3.00, 5.00, 0.00, 0.00, 0.00, 0.00, 0.00, 0.00, 0.00
"PARQUE SOLAR BUGAMBILES",0.00, 0.00, 0.00, 0.00, 0.00, 0.00, 1.00, 4.00, 6.00, 8.00, 9.00, 7.00, 3.00, 2.00, 2.00, 1.00, 2.00, 0.00, 0.00, 0.00, 0.00, 0.00, 0.00, 0.00
"PARQUE SOLAR DINAMARCA",0.00, 0.00, 0.00, 0.00, 0.00, 0.01, 0.03, 0.24, 0.36, 0.51, 0.63, 0.54, 0.61, 0.20, 0.10, 0.00, 0.00, 0.00, 0.00, 0.00, 0.00, 0.00, 0.00, 0.00
"PARQUE SOLAR EL JARDIN",0.00, 0.00, 0.00, 0.00, 0.00, 0.01, 0.03, 0.24, 0.36, 0.51, 0.63, 0.54, 0.61, 0.20, 0.10, 0.00, 0.00, 0.00, 0.00, 0.00, 0.00, 0.00, 0.00, 0.00
"PARQUE SOLAR HATO GRANDE",0.00, 0.00, 0.00, 0.00, 0.00, 0.01, 0.03, 0.24, 0.36, 0.51, 0.63, 0.54, 0.61, 0.20, 0.10, 0.00, 0.00, 0.00, 0.00, 0.00, 0.00, 0.00, 0.00, 0.00
"PARQUE SOLAR HONDA I",0.00, 0.00, 0.00, 0.00, 0.00, 0.00, 1.00, 2.00, 4.00, 5.00, 9.00, 9.00, 9.00, 9.00, 8.00, 6.00, 4.00, 2.00, 1.00, 0.00, 0.00, 0.00, 0.00, 0.00
"PARQUE SOLAR HONDA II",0.00, 0.00, 0.00, 0.00, 0.00, 0.00, 1.00, 2.00, 3.00, 4.00, 6.00, 9.00, 9.00, 9.00, 6.00, 6.00, 5.00, 2.00, 1.00, 0.00, 0.00, 0.00, 0.00, 0.00
"PARQUE SOLAR INTI I",0.00, 0.00, 0.00, 0.00, 0.00, 0.00, 0.50, 1.50, 3.20, 3.40, 4.00, 4.30, 5.90, 7.90, 6.80, 5.20, 2.90, 0.70, 0.00, 0.00, 0.00, 0.00, 0.00, 0.00
"PARQUE SOLAR LA MENA",0.00, 0.00, 0.00, 0.00, 0.00, 0.01, 0.03, 0.24, 0.36, 0.51, 0.63, 0.54, 0.61, 0.20, 0.10, 0.00, 0.00, 0.00, 0.00, 0.00, 0.00, 0.00, 0.00, 0.00
"PARQUE SOLAR LA UNION",0.00, 0.00, 0.00, 0.00, 0.00, 0.00, 10.00, 40.00, 55.00, 85.00, 76.00, 81.00, 77.00, 77.00, 70.00, 75.00, 47.00, 13.00, 0.00, 0.00, 0.00, 0.00, 0.00, 0.00
"PARQUE SOLAR NISPEROS",0.00, 0.00, 0.00, 0.00, 0.00, 0.00, 4.00, 9.00, 16.00, 19.00, 19.00, 17.00, 8.00, 6.00, 5.00, 3.00, 5.00, 0.00, 0.00, 0.00, 0.00, 0.00, 0.00, 0.00
"PARQUE SOLAR PUERTA DE ORO",0.00, 0.00, 0.00, 0.00, 0.00, 0.00, 6.00, 30.00, 100.00, 201.00, 245.00, 278.00, 286.00, 273.00, 151.00, 51.00, 43.00, 16.00, 1.00, 0.00, 0.00, 0.00, 0.00, 0.00
"PARQUE SOLAR SABANA",0.00, 0.00, 0.00, 0.00, 0.00, 1.00, 6.00, 8.00, 9.00, 9.00, 9.00, 9.00, 9.00, 9.00, 8.00, 6.00, 1.00, 0.00, 0.00, 0.00, 0.00, 0.00, 0.00, 0.00
"PARQUE SOLAR TEPUY",0.00, 0.00, 0.00, 0.00, 0.00, 0.00, 5.00, 19.00, 35.00, 50.00, 60.00, 65.00, 63.00, 59.00, 48.00, 34.00, 19.00, 5.00, 0.00, 0.00, 0.00, 0.00, 0.00, 0.00
"PARQUE SOLAR URRA",0.00, 0.00, 0.00, 0.00, 0.00, 0.00, 0.00, 0.00, 2.00, 4.00, 7.00, 11.00, 8.00, 11.00, 9.00, 7.00, 5.00, 2.00, 0.00, 0.00, 0.00, 0.00, 0.00, 0.00
"PARQUE SOLAR VERSALLES",0.00, 0.00, 0.00, 0.00, 0.00, 0.01, 0.03, 0.24, 0.36, 0.51, 0.63, 0.54, 0.61, 0.20, 0.10, 0.00, 0.00, 0.00, 0.00, 0.00, 0.00, 0.00, 0.00, 0.00
"PASTALES",0.54, 0.54, 0.54, 0.54, 0.54, 0.54, 0.54, 0.54, 0.54, 0.54, 0.54, 0.54, 0.54, 0.54, 0.54, 0.54, 0.54, 0.54, 0.54, 0.54, 0.54, 0.54, 0.54, 0.54
"PATICO - LA CABRERA",0.52, 0.53, 0.54, 0.53, 0.54, 0.55, 0.56, 0.49, 0.49, 0.48, 0.49, 0.49, 0.50, 0.56, 0.55, 0.56, 0.62, 0.59, 0.61, 0.59, 0.59, 0.60, 0.62, 0.60
"PCH LA LIBERTAD",0.21, 0.21, 0.21, 0.21, 0.21, 0.21, 0.21, 0.21, 0.21, 0.21, 0.21, 0.21, 0.21, 0.21, 0.21, 0.21, 0.21, 0.21, 0.21, 0.21, 0.21, 0.21, 0.21, 0.21
"PCH LA NOQUE",0.00, 0.00, 0.00, 0.00, 0.00, 0.00, 0.00, 0.00, 0.00, 0.00, 0.00, 0.00, 0.00, 0.00, 0.00, 0.00, 0.00, 0.00, 0.00, 0.00, 0.00, 0.00, 0.00, 0.00
"PETALO DE CORDOBA II",0.00, 0.00, 0.00, 0.00, 0.00, 0.00, 0.19, 2.41, 5.37, 7.69, 8.08, 7.49, 6.88, 7.33, 6.22, 5.90, 4.43, 1.05, 0.00, 0.00, 0.00, 0.00, 0.00, 0.00
"PETALO DEL MAGDALENA",0.00, 0.00, 0.00, 0.00, 0.00, 0.00, 0.00, 2.00, 7.00, 9.00, 9.00, 9.00, 9.00, 9.00, 5.00, 3.00, 2.00, 1.00, 0.00, 0.00, 0.00, 0.00, 0.00, 0.00
"PETALO DEL NORTE DE SANTANDER I",0.00, 0.00, 0.00, 0.00, 0.00, 0.00, 1.89, 4.77, 8.94, 12.76, 16.05, 17.79, 16.05, 13.62, 10.58, 7.52, 4.31, 1.19, 0.00, 0.00, 0.00, 0.00, 0.00, 0.00
"PLANTA FV DONA JUANA",0.00, 0.00, 0.00, 0.00, 0.00, 0.12, 1.20, 2.80, 3.90, 4.20, 4.30, 4.15, 4.25, 4.30, 3.70, 1.85, 0.50, 0.01, 0.00, 0.00, 0.00, 0.00, 0.00, 0.00
"PLANTA SOLAR BAYUNCA I",0.00, 0.00, 0.00, 0.00, 0.00, 0.10, 0.70, 1.60, 2.10, 2.20, 2.10, 2.40, 2.40, 2.20, 1.80, 1.00, 0.30, 0.00, 0.00, 0.00, 0.00, 0.00, 0.00, 0.00
"PLANTA SOLAR SAN FRANCISCO",0.00, 0.00, 0.00, 0.00, 0.00, 0.02, 0.48, 1.35, 2.90, 4.40, 4.90, 4.70, 4.90, 3.75, 2.20, 1.10, 0.20, 0.00, 0.00, 0.00, 0.00, 0.00, 0.00, 0.00
"PLAYAS",207.00, 207.00, 207.00, 207.00, 207.00, 207.00, 207.00, 207.00, 207.00, 207.00, 207.00, 207.00, 207.00, 207.00, 207.00, 207.00, 207.00, 207.00, 207.00, 207.00, 207.00, 207.00, 207.00, 207.00
"POCUNE",1.00, 1.00, 1.00, 1.00, 1.00, 1.00, 1.00, 1.00, 1.00, 1.00, 1.00, 1.00, 1.00, 1.00, 1.00, 1.00, 1.00, 1.00, 1.00, 1.00, 1.00, 1.00, 1.00, 1.00
"POLARIS I",0.00, 0.00, 0.00, 0.00, 0.00, 0.01, 0.30, 0.60, 0.60, 0.70, 0.70, 0.80, 0.70, 0.70, 0.70, 0.30, 0.10, 0.05, 0.00, 0.00, 0.00, 0.00, 0.00, 0.00
"PORCE II",405.00, 405.00, 405.00, 405.00, 405.00, 405.00, 405.00, 405.00, 405.00, 405.00, 405.00, 405.00, 405.00, 405.00, 405.00, 405.00, 405.00, 405.00, 405.00, 405.00, 405.00, 405.00, 405.00, 405.00
"PORCE III",196.63, 0.00, 0.00, 0.00, 0.00, 274.77, 100.31, 437.44, 185.66, 0.00, 0.00, 169.70, 261.87, 637.82, 700.00, 700.00, 700.00, 700.00, 700.00, 700.00, 700.00, 700.00, 700.00, 700.00
"PORCE III MENOR",1.50, 1.50, 1.50, 1.50, 1.50, 1.50, 1.50, 1.50, 1.50, 1.50, 1.50, 1.50, 1.50, 1.50, 1.50, 1.50, 1.50, 1.50, 1.50, 1.50, 1.50, 1.50, 1.50, 1.50
"PORTON DEL SOL",0.00, 0.00, 0.00, 0.00, 0.00, 0.00, 4.00, 27.00, 47.00, 60.00, 72.00, 77.00, 79.00, 79.00, 73.00, 60.00, 39.00, 16.00, 0.00, 0.00, 0.00, 0.00, 0.00, 0.00
"POWER PLANT DRUMMOND",0.00, 0.00, 0.00, 0.00, 0.00, 0.00, 0.00, 0.04, 1.14, 1.96, 3.00, 3.67, 11.45, 3.62, 2.33, 0.69, 0.07, 0.00, 0.00, 0.00, 0.00, 0.00, 0.00, 0.00
"PRADO",51.00, 51.00, 51.00, 51.00, 51.00, 51.00, 51.00, 51.00, 51.00, 51.00, 51.00, 51.00, 51.00, 51.00, 51.00, 51.00, 51.00, 51.00, 51.00, 51.00, 51.00, 51.00, 51.00, 51.00
"PRADO IV",5.00, 5.00, 5.00, 5.00, 5.00, 5.00, 5.00, 5.00, 5.00, 5.00, 5.00, 5.00, 5.00, 5.00, 5.00, 5.00, 5.00, 5.00, 5.00, 5.00, 5.00, 5.00, 3.00, 3.00
"PROELECTRICA 1",0.00, 0.00, 0.00, 0.00, 0.00, 0.00, 0.00, 0.00, 0.00, 0.00, 0.00, 0.00, 0.00, 0.00, 0.00, 0.00, 0.00, 0.00, 0.00, 0.00, 0.00, 0.00, 0.00, 0.00
"PROELECTRICA 2",0.00, 0.00, 0.00, 0.00, 0.00, 0.00, 0.00, 0.00, 0.00, 0.00, 0.00, 0.00, 0.00, 0.00, 0.00, 0.00, 0.00, 0.00, 0.00, 0.00, 0.00, 0.00, 0.00, 0.00
"PROENCA II",0.00, 0.00, 0.00, 0.00, 0.00, 0.00, 0.00, 0.00, 0.00, 0.00, 0.00, 0.00, 0.00, 0.00, 0.00, 0.00, 0.00, 0.00, 0.00, 0.00, 0.00, 0.00, 0.00, 0.00
"PROVIDENCIA",0.00, 0.00, 0.00, 0.00, 0.00, 0.00, 0.00, 0.00, 0.00, 0.00, 0.00, 0.00, 0.61, 4.28, 3.04, 0.00, 0.00, 0.00, 0.00, 0.00, 0.00, 0.00, 0.00, 0.00
"PUENTE GUILLERMO",2.00, 2.00, 2.00, 2.00, 2.00, 2.00, 2.00, 2.00, 2.00, 2.00, 2.00, 2.00, 2.00, 2.00, 2.00, 2.00, 2.00, 2.00, 2.00, 2.00, 2.00, 2.00, 2.00, 2.00
"REMEDIOS",0.29, 0.29, 0.29, 0.29, 0.29, 0.29, 0.29, 0.29, 0.29, 0.29, 0.29, 0.29, 0.29, 0.29, 0.29, 0.29, 0.29, 0.29, 0.29, 0.29, 0.29, 0.29, 0.29, 0.29
"RIO BOBO",1.00, 1.00, 1.00, 1.00, 1.00, 1.00, 1.00, 1.00, 1.00, 1.00, 1.00, 1.00, 1.00, 1.00, 1.00, 1.00, 1.00, 1.00, 1.00, 1.00, 1.00, 1.00, 1.00, 1.00
"RIO CALI",0.00, 0.00, 0.00, 0.00, 0.00, 0.00, 0.00, 0.00, 0.00, 0.00, 0.00, 0.00, 0.00, 0.00, 0.00, 0.00, 0.00, 0.00, 0.00, 0.00, 0.00, 0.00, 0.00, 0.00
"RIO FRIO I",1.00, 1.00, 1.00, 1.00, 1.00, 1.00, 1.00, 1.00, 1.00, 1.00, 1.00, 1.00, 1.00, 1.00, 1.00, 1.00, 1.00, 1.00, 1.00, 1.00, 1.00, 1.00, 0.00, 0.00
"RIO FRIO II",8.00, 8.00, 8.00, 8.00, 8.00, 8.00, 8.00, 8.00, 8.00, 8.00, 8.00, 8.00, 7.00, 6.00, 6.00, 6.00, 6.00, 6.00, 6.00, 6.00, 8.00, 8.00, 0.00, 0.00
"RIO GRANDE",0.30, 0.30, 0.30, 0.30, 0.30, 0.30, 0.30, 0.30, 0.30, 0.30, 0.30, 0.30, 0.30, 0.30, 0.30, 0.30, 0.30, 0.30, 0.30, 0.30, 0.30, 0.30, 0.30, 0.30
"RIO MAYO",6.60, 6.60, 6.60, 6.60, 6.60, 12.60, 13.20, 19.20, 19.80, 19.80, 19.80, 18.60, 6.60, 6.60, 6.60, 6.60, 12.60, 13.20, 19.20, 19.80, 19.80, 19.80, 19.80, 18.60
"RIO PALO",0.90, 0.91, 0.91, 0.91, 0.90, 0.90, 0.94, 0.94, 0.94, 0.94, 0.94, 0.94, 0.98, 0.98, 0.98, 0.98, 0.99, 0.98, 0.98, 0.98, 0.97, 0.96, 0.95, 0.91
"RIO PIEDRAS",5.00, 5.00, 5.00, 5.00, 5.00, 5.00, 5.00, 5.00, 5.00, 5.00, 5.00, 5.00, 5.00, 5.00, 5.00, 5.00, 5.00, 5.00, 5.00, 5.00, 5.00, 5.00, 0.00, 0.00
"RIO RECIO",0.45, 0.45, 0.45, 0.45, 0.45, 0.45, 0.45, 0.45, 0.45, 0.45, 0.45, 0.45, 0.45, 0.45, 0.45, 0.45, 0.45, 0.45, 0.45, 0.45, 0.45, 0.45, 0.45, 0.45
"RIO SAPUYES",0.82, 0.82, 0.82, 0.82, 0.82, 0.82, 0.82, 0.82, 0.82, 0.82, 0.82, 0.82, 0.82, 0.82, 0.82, 0.82, 0.82, 0.82, 0.82, 0.82, 0.82, 0.82, 0.82, 0.82
"RIOFRIO (TAMESIS)",0.45, 0.45, 0.45, 0.45, 0.45, 0.45, 0.45, 0.45, 0.45, 0.45, 0.45, 0.45, 0.45, 0.45, 0.45, 0.45, 0.45, 0.45, 0.45, 0.45, 0.45, 0.45, 0.45, 0.45
"RIOGRANDE I",0.00, 0.00, 0.00, 0.00, 0.00, 0.00, 0.00, 0.00, 0.00, 0.00, 0.00, 0.00, 0.00, 0.00, 0.00, 0.00, 0.00, 0.00, 0.00, 0.00, 0.00, 0.00, 0.00, 0.00
"RIONEGRO",9.00, 9.00, 9.00, 9.00, 8.00, 8.00, 8.00, 7.00, 7.00, 8.00, 9.00, 8.00, 8.00, 9.00, 9.00, 9.00, 9.00, 9.00, 8.00, 9.00, 9.00, 9.00, 9.00, 9.00
"ROKRA",0.00, 0.00, 0.00, 0.00, 0.00, 0.01, 0.42, 1.83, 3.77, 5.63, 6.74, 7.82, 8.08, 7.27, 6.16, 4.62, 2.46, 0.51, 0.00, 0.00, 0.00, 0.00, 0.00, 0.00
"ROVIRA",0.00, 0.00, 0.00, 0.00, 0.00, 0.32, 1.60, 2.24, 2.70, 3.00, 3.10, 3.10, 2.50, 2.17, 2.00, 1.26, 0.21, 0.14, 0.00, 0.00, 0.00, 0.00, 0.00, 0.00
"RUMOR",1.00, 1.00, 1.00, 1.00, 1.00, 1.00, 1.00, 1.00, 1.00, 1.00, 1.00, 2.00, 1.00, 1.00, 1.00, 1.00, 1.00, 0.00, 0.00, 0.00, 0.00, 0.00, 0.00, 0.00
"SAJANDI",2.57, 2.57, 2.56, 2.56, 2.56, 2.56, 2.57, 2.66, 2.67, 2.67, 2.67, 2.66, 2.66, 2.66, 2.66, 2.65, 2.65, 2.65, 2.65, 2.64, 2.65, 2.65, 2.64, 2.65
"SALTO II",20.00, 20.00, 20.00, 20.00, 20.00, 20.00, 20.00, 20.00, 20.00, 20.00, 20.00, 20.00, 20.00, 20.00, 20.00, 20.00, 20.00, 20.00, 20.00, 20.00, 20.00, 20.00, 20.00, 20.00
"SALVAJINA",0.00, 0.00, 0.00, 0.00, 0.00, 0.00, 0.00, 0.00, 0.00, 0.00, 0.00, 0.00, 0.00, 0.00, 0.00, 0.00, 0.00, 0.00, 213.00, 213.00, 213.00, 0.00, 0.00, 0.00
"SAN ANDRES DE CUERQUIA",18.00, 18.00, 18.00, 18.00, 18.00, 18.00, 18.00, 18.00, 18.00, 18.00, 18.00, 18.00, 18.00, 18.00, 18.00, 18.00, 18.00, 18.00, 18.00, 18.00, 4.00, 4.00, 4.00, 4.00
"SAN BARTOLOME",18.00, 18.00, 18.00, 18.00, 18.00, 18.00, 18.00, 18.00, 18.00, 18.00, 18.00, 18.00, 18.00, 18.00, 18.00, 18.00, 18.00, 18.00, 18.00, 18.00, 18.00, 18.00, 18.00, 18.00
"SAN CANCIO",1.40, 1.40, 1.40, 1.40, 1.40, 1.40, 1.40, 1.40, 1.40, 1.40, 1.40, 1.40, 1.40, 1.40, 1.40, 1.40, 1.40, 1.40, 1.40, 1.40, 1.40, 1.40, 1.40, 1.40
"SAN CARLOS",1240.00, 1240.00, 1240.00, 1240.00, 1240.00, 1240.00, 1240.00, 1240.00, 1240.00, 1240.00, 1240.00, 1240.00, 1240.00, 1240.00, 1240.00, 1240.00, 1240.00, 1240.00, 1240.00, 1240.00, 1240.00, 1240.00, 1240.00, 1240.00
"SAN FRANCISCO",0.00, 0.00, 0.00, 0.00, 0.00, 0.00, 0.00, 90.00, 90.00, 90.00, 0.00, 0.00, 0.00, 0.00, 0.00, 0.00, 0.00, 0.00, 90.00, 90.00, 90.00, 90.00, 0.00, 0.00
"SAN FRANCISCO (PUTUMAYO)",0.35, 0.35, 0.35, 0.35, 0.35, 0.35, 0.35, 0.35, 0.35, 0.35, 0.35, 0.35, 0.35, 0.35, 0.35, 0.35, 0.35, 0.35, 0.35, 0.35, 0.35, 0.35, 0.35, 0.35
"SAN JOSE",0.00, 0.00, 0.00, 0.00, 0.00, 0.00, 0.00, 0.00, 0.00, 0.00, 0.00, 0.00, 0.00, 0.00, 0.00, 0.00, 0.00, 0.00, 0.00, 0.00, 0.00, 0.00, 0.00, 0.00
"SAN JOSE DE LA MONTAÑA",0.28, 0.28, 0.28, 0.28, 0.28, 0.28, 0.28, 0.28, 0.28, 0.28, 0.28, 0.28, 0.28, 0.28, 0.28, 0.28, 0.28, 0.28, 0.28, 0.28, 0.28, 0.28, 0.28, 0.28
"SAN JOSE DE LA MONTAÑA II",0.00, 0.00, 0.00, 0.00, 0.00, 0.00, 0.00, 0.00, 0.00, 0.00, 0.00, 0.00, 0.00, 0.00, 0.00, 0.00, 0.00, 0.00, 0.00, 0.00, 0.00, 0.00, 0.00, 0.00
"SAN MATIAS",11.52, 11.52, 11.52, 11.52, 11.52, 11.52, 11.52, 11.52, 11.52, 11.52, 11.52, 11.52, 11.52, 11.52, 11.52, 11.52, 11.52, 11.52, 11.52, 11.52, 11.52, 11.52, 11.52, 11.52
"SAN MIGUEL",47.00, 47.00, 47.00, 47.00, 47.00, 47.00, 47.00, 47.00, 47.00, 47.00, 47.00, 47.00, 47.00, 47.00, 47.00, 47.00, 47.00, 47.00, 47.00, 47.00, 47.00, 47.00, 47.00, 47.00
"SAN ONOFRE",0.00, 0.00, 0.00, 0.00, 0.00, 0.01, 0.30, 0.60, 0.60, 0.70, 0.70, 0.80, 0.70, 0.70, 0.70, 0.30, 0.10, 0.05, 0.00, 0.00, 0.00, 0.00, 0.00, 0.00
"SANTA ANA",4.70, 4.70, 4.70, 4.70, 4.70, 4.70, 4.70, 4.70, 4.70, 4.70, 4.70, 4.70, 4.70, 4.70, 4.70, 4.70, 4.70, 4.70, 4.70, 4.70, 4.70, 4.70, 4.70, 4.70
"SANTA RITA",0.48, 0.48, 0.48, 0.48, 0.48, 0.48, 0.48, 0.48, 0.48, 0.48, 0.48, 0.48, 0.48, 0.48, 0.48, 0.48, 0.48, 0.48, 0.48, 0.48, 0.48, 0.48, 0.48, 0.48
"SANTIAGO",0.90, 0.90, 0.90, 0.90, 0.90, 0.90, 0.90, 0.90, 0.90, 0.90, 0.90, 0.90, 0.90, 0.90, 0.90, 0.90, 0.90, 0.90, 0.90, 0.90, 0.90, 0.90, 0.90, 0.90
"SHANGRI LA",0.00, 0.00, 0.00, 0.00, 0.00, 0.00, 11.00, 43.00, 73.00, 96.00, 115.00, 126.00, 126.00, 120.00, 114.00, 98.00, 49.00, 8.00, 0.00, 0.00, 0.00, 0.00, 0.00, 0.00
"SILVIA",0.33, 0.33, 0.33, 0.33, 0.33, 0.34, 0.31, 0.35, 0.31, 0.35, 0.35, 0.34, 0.30, 0.33, 0.33, 0.28, 0.30, 0.34, 0.34, 0.34, 0.33, 0.33, 0.33, 0.33
"SINCE",0.00, 0.00, 0.00, 0.00, 2.00, 12.00, 16.00, 17.00, 16.00, 15.00, 13.00, 16.00, 14.00, 8.00, 8.00, 2.00, 0.00, 0.00, 0.00, 0.00, 0.00, 0.00, 0.00, 0.00
"SOGAMOSO",819.00, 819.00, 819.00, 819.00, 819.00, 819.00, 819.00, 546.00, 546.00, 546.00, 546.00, 546.00, 546.00, 546.00, 240.00, 240.00, 240.00, 240.00, 546.00, 546.00, 546.00, 546.00, 546.00, 546.00
"SOL DE ZAWADY",0.00, 0.00, 0.00, 0.00, 0.00, 0.00, 2.60, 7.97, 9.28, 9.88, 9.90, 9.90, 9.90, 9.90, 9.90, 9.33, 8.29, 2.86, 0.00, 0.00, 0.00, 0.00, 0.00, 0.00
"SOL Y CIELO I",0.00, 0.00, 0.00, 0.00, 0.00, 0.00, 0.15, 1.29, 3.02, 4.30, 5.20, 5.30, 5.72, 5.43, 4.69, 3.77, 1.99, 0.45, 0.00, 0.00, 0.00, 0.00, 0.00, 0.00
"SOL Y CIELO II",0.00, 0.00, 0.00, 0.00, 0.00, 0.00, 0.01, 0.14, 0.32, 0.46, 0.56, 0.59, 0.61, 0.58, 0.50, 0.40, 0.21, 0.05, 0.00, 0.00, 0.00, 0.00, 0.00, 0.00
"SOL Y CIELO III",0.00, 0.00, 0.00, 0.00, 0.00, 0.00, 0.01, 0.10, 0.29, 0.43, 0.53, 0.52, 0.54, 0.55, 0.48, 0.35, 0.20, 0.04, 0.00, 0.00, 0.00, 0.00, 0.00, 0.00
"SOL Y CIELO IV",0.00, 0.00, 0.00, 0.00, 0.00, 0.00, 0.00, 0.10, 0.27, 0.40, 0.53, 0.54, 0.59, 0.58, 0.50, 0.38, 0.22, 0.04, 0.00, 0.00, 0.00, 0.00, 0.00, 0.00
"SOL Y CIELO V",0.00, 0.00, 0.00, 0.00, 0.00, 0.00, 0.01, 0.11, 0.29, 0.42, 0.50, 0.52, 0.51, 0.54, 0.46, 0.33, 0.19, 0.04, 0.00, 0.00, 0.00, 0.00, 0.00, 0.00
"SOL Y CIELO VI",0.00, 0.00, 0.00, 0.00, 0.00, 0.00, 0.01, 0.11, 0.29, 0.42, 0.49, 0.50, 0.50, 0.52, 0.45, 0.33, 0.19, 0.04, 0.00, 0.00, 0.00, 0.00, 0.00, 0.00
"SOL Y CIELO VII",0.00, 0.00, 0.00, 0.00, 0.00, 0.01, 0.30, 0.60, 0.60, 0.70, 0.80, 0.90, 0.80, 0.70, 0.70, 0.30, 0.10, 0.05, 0.00, 0.00, 0.00, 0.00, 0.00, 0.00
"SOLAR ALEJANDRIA",0.00, 0.00, 0.00, 0.00, 0.00, 0.01, 0.03, 0.24, 0.36, 0.51, 0.63, 0.54, 0.61, 0.20, 0.10, 0.00, 0.00, 0.00, 0.00, 0.00, 0.00, 0.00, 0.00, 0.00
"SOLAR ARDOBELA I",0.00, 0.00, 0.00, 0.00, 0.00, 0.00, 1.00, 2.00, 5.00, 6.00, 6.00, 6.00, 6.00, 6.00, 6.00, 4.00, 2.00, 1.00, 0.00, 0.00, 0.00, 0.00, 0.00, 0.00
"SOLAR ARDOBELA II",0.00, 0.00, 0.00, 0.00, 0.00, 0.00, 1.00, 2.00, 5.00, 6.00, 6.00, 6.00, 6.00, 6.00, 6.00, 4.00, 2.00, 1.00, 0.00, 0.00, 0.00, 0.00, 0.00, 0.00
"SOLAR OLD T",0.00, 0.00, 0.00, 0.00, 0.00, 0.61, 2.37, 4.44, 6.28, 7.81, 8.71, 8.82, 8.08, 6.94, 5.11, 2.84, 0.86, 0.02, 0.00, 0.00, 0.00, 0.00, 0.00, 0.00
"SOLAR PALMASECA I",0.00, 0.00, 0.00, 0.00, 0.00, 0.00, 0.00, 2.00, 6.00, 9.00, 11.00, 11.00, 12.00, 10.00, 10.00, 8.00, 4.00, 1.00, 0.00, 0.00, 0.00, 0.00, 0.00, 0.00
"SOLAR PALMASECA II",0.00, 0.00, 0.00, 0.00, 0.00, 0.00, 0.00, 2.00, 4.00, 6.00, 8.00, 8.00, 8.00, 7.00, 7.00, 6.00, 3.00, 1.00, 0.00, 0.00, 0.00, 0.00, 0.00, 0.00
"SOLAR PLANETA RICA",0.00, 0.00, 0.00, 0.00, 0.00, 0.00, 0.00, 0.00, 0.00, 0.00, 0.00, 0.00, 0.00, 0.00, 0.00, 0.00, 0.00, 0.00, 0.00, 0.00, 0.00, 0.00, 0.00, 0.00
"SOLAR PN I",0.00, 0.00, 0.00, 0.00, 0.00, 0.00, 0.67, 3.33, 8.00, 9.33, 9.33, 9.33, 8.66, 8.00, 6.00, 2.67, 1.33, 0.00, 0.00, 0.00, 0.00, 0.00, 0.00, 0.00
"SONSON",10.60, 10.60, 10.60, 10.60, 10.60, 10.60, 10.60, 10.60, 10.60, 10.60, 10.60, 10.60, 10.60, 10.60, 10.60, 10.60, 10.60, 10.60, 10.60, 10.60, 10.60, 10.60, 10.60, 10.60
"SUBA",2.00, 2.00, 2.00, 2.00, 2.00, 2.00, 2.00, 2.00, 2.00, 2.00, 2.00, 2.00, 2.00, 2.00, 2.00, 2.00, 2.00, 2.00, 2.00, 2.00, 2.00, 2.00, 2.00, 2.00
"SUEVA 2",1.30, 1.30, 1.30, 1.30, 1.30, 1.30, 1.30, 1.30, 1.30, 1.30, 1.30, 1.30, 1.30, 1.30, 1.30, 1.30, 1.30, 1.30, 1.30, 1.30, 1.30, 1.30, 1.30, 1.30
"SUNNORTE",0.00, 0.00, 0.00, 0.00, 0.00, 0.00, 2.00, 8.00, 15.00, 21.00, 24.00, 24.00, 22.00, 18.00, 13.00, 9.00, 5.00, 1.00, 0.00, 0.00, 0.00, 0.00, 0.00, 0.00
"TASAJERO 1",0.00, 0.00, 0.00, 0.00, 0.00, 0.00, 0.00, 0.00, 0.00, 0.00, 0.00, 0.00, 0.00, 0.00, 0.00, 0.00, 0.00, 165.00, 165.00, 165.00, 165.00, 30.85, 0.00, 0.00
"TASAJERO 2",0.00, 0.00, 0.00, 0.00, 0.00, 0.00, 0.00, 0.00, 0.00, 0.00, 0.00, 0.00, 0.00, 0.00, 0.00, 0.00, 0.00, 0.00, 170.00, 170.00, 170.00, 0.00, 0.00, 0.00
"TEBSAB CC",0.00, 0.00, 0.00, 0.00, 0.00, 0.00, 0.00, 0.00, 0.00, 0.00, 0.00, 0.00, 0.00, 0.00, 0.00, 0.00, 0.00, 0.00, 0.00, 0.00, 0.00, 0.00, 0.00, 0.00
"TEQUENDAMA 1",14.20, 14.20, 14.20, 14.20, 14.20, 14.20, 14.20, 14.20, 14.20, 14.20, 14.20, 14.20, 14.20, 14.20, 14.20, 14.20, 14.20, 14.20, 14.20, 14.20, 14.20, 14.20, 14.20, 14.20
"TEQUENDAMA 2",14.20, 14.20, 14.20, 14.20, 14.20, 14.20, 14.20, 14.20, 14.20, 14.20, 14.20, 14.20, 14.20, 14.20, 14.20, 14.20, 14.20, 14.20, 14.20, 14.20, 14.20, 14.20, 14.20, 14.20
"TEQUENDAMA 3",11.50, 11.50, 11.50, 11.50, 11.50, 11.50, 11.50, 11.50, 11.50, 11.50, 11.50, 11.50, 11.50, 11.50, 11.50, 11.50, 11.50, 11.50, 11.50, 11.50, 11.50, 11.50, 11.50, 11.50
"TEQUENDAMA 4",14.20, 14.20, 14.20, 14.20, 14.20, 14.20, 14.20, 14.20, 14.20, 14.20, 14.20, 14.20, 14.20, 14.20, 14.20, 14.20, 14.20, 14.20, 14.20, 14.20, 14.20, 14.20, 14.20, 14.20
"TEQUENDAMA BIOGAS",0.00, 0.00, 0.00, 0.00, 0.00, 0.00, 0.00, 0.00, 0.00, 0.00, 0.00, 0.00, 0.00, 0.00, 0.00, 0.00, 0.00, 0.00, 0.00, 0.00, 0.00, 0.00, 0.00, 0.00
"TERMOBOLIVAR",0.00, 0.00, 0.00, 0.00, 0.00, 0.00, 0.00, 0.00, 0.00, 0.00, 0.00, 0.00, 0.00, 0.00, 0.00, 0.00, 0.00, 0.00, 0.00, 0.00, 0.00, 0.00, 0.00, 0.00
"TERMOCANDELARIA CC",0.00, 0.00, 0.00, 0.00, 0.00, 0.00, 0.00, 0.00, 0.00, 0.00, 0.00, 0.00, 0.00, 0.00, 0.00, 0.00, 0.00, 0.00, 0.00, 0.00, 0.00, 0.00, 0.00, 0.00
"TERMOCAPACHOS",0.00, 0.00, 0.00, 0.00, 0.00, 0.00, 0.00, 0.00, 0.00, 0.00, 0.00, 0.00, 0.00, 0.00, 0.00, 0.00, 0.00, 0.00, 0.00, 0.00, 0.00, 0.00, 0.00, 0.00
"TERMOCARIBE III",0.00, 0.00, 0.00, 0.00, 0.00, 0.00, 0.00, 0.00, 0.00, 0.00, 0.00, 0.00, 0.00, 0.00, 0.00, 0.00, 0.00, 0.00, 0.00, 0.00, 0.00, 0.00, 0.00, 0.00
"TERMOCENTRO CC",0.00, 0.00, 0.00, 0.00, 0.00, 0.00, 0.00, 0.00, 0.00, 0.00, 0.00, 0.00, 0.00, 0.00, 0.00, 0.00, 0.00, 0.00, 0.00, 0.00, 0.00, 0.00, 0.00, 0.00
"TERMODORADA 1",0.00, 0.00, 0.00, 0.00, 0.00, 0.00, 0.00, 0.00, 0.00, 0.00, 0.00, 0.00, 0.00, 0.00, 0.00, 0.00, 0.00, 0.00, 0.00, 0.00, 0.00, 0.00, 0.00, 0.00
"TERMOEMCALI CC",0.00, 0.00, 0.00, 0.00, 0.00, 0.00, 0.00, 0.00, 0.00, 0.00, 0.00, 0.00, 0.00, 0.00, 0.00, 0.00, 0.00, 0.00, 0.00, 0.00, 0.00, 0.00, 0.00, 0.00
"TERMOFENIX I",0.00, 0.00, 0.00, 0.00, 0.00, 0.00, 0.00, 0.00, 0.00, 0.00, 0.00, 0.00, 0.00, 0.00, 0.00, 0.00, 0.00, 0.00, 0.00, 0.00, 0.00, 0.00, 0.00, 0.00
"TERMOMECHERO 4",0.00, 0.00, 0.00, 0.00, 0.00, 0.00, 0.00, 0.00, 0.00, 0.00, 0.00, 0.00, 0.00, 0.00, 0.00, 0.00, 0.00, 0.00, 0.00, 0.00, 0.00, 0.00, 0.00, 0.00
"TERMOMECHERO 5",0.00, 0.00, 0.00, 0.00, 0.00, 0.00, 0.00, 0.00, 0.00, 0.00, 0.00, 0.00, 0.00, 0.00, 0.00, 0.00, 0.00, 0.00, 0.00, 0.00, 0.00, 0.00, 0.00, 0.00
"TERMOMECHERO 6",0.00, 0.00, 0.00, 0.00, 0.00, 0.00, 0.00, 0.00, 0.00, 0.00, 0.00, 0.00, 0.00, 0.00, 0.00, 0.00, 0.00, 0.00, 0.00, 0.00, 0.00, 0.00, 0.00, 0.00
"TERMONORTE",0.00, 0.00, 0.00, 0.00, 0.00, 0.00, 0.00, 0.00, 0.00, 0.00, 0.00, 0.00, 0.00, 0.00, 0.00, 0.00, 0.00, 0.00, 0.00, 0.00, 0.00, 0.00, 0.00, 0.00
"TERMOPIEDRAS",3.75, 3.75, 3.75, 3.75, 3.75, 3.75, 3.75, 3.75, 3.75, 3.75, 3.75, 3.75, 3.75, 3.75, 3.75, 3.75, 3.75, 3.75, 3.75, 3.75, 3.75, 3.75, 3.75, 3.75
"TERMOSARAVENA",0.00, 0.00, 0.00, 0.00, 0.00, 0.00, 0.00, 0.00, 0.00, 0.00, 0.00, 0.00, 0.00, 0.00, 0.00, 0.00, 0.00, 0.00, 0.00, 0.00, 0.00, 0.00, 0.00, 0.00
"TERMOSIERRA CC",0.00, 0.00, 0.00, 0.00, 0.00, 0.00, 0.00, 0.00, 0.00, 0.00, 0.00, 0.00, 0.00, 0.00, 0.00, 0.00, 0.00, 0.00, 0.00, 0.00, 0.00, 0.00, 0.00, 0.00
"TERMOTASAJERO DOS SOLAR",0.00, 0.00, 0.00, 0.00, 0.00, 0.00, 0.30, 0.50, 1.70, 2.70, 3.40, 3.40, 3.40, 3.40, 2.70, 1.70, 0.40, 0.20, 0.00, 0.00, 0.00, 0.00, 0.00, 0.00
"TERMOVALLE CC",0.00, 0.00, 0.00, 0.00, 0.00, 0.00, 0.00, 0.00, 0.00, 0.00, 0.00, 0.00, 0.00, 0.00, 0.00, 0.00, 0.00, 0.00, 0.00, 0.00, 0.00, 0.00, 0.00, 0.00
"TERMOYOPAL 1",8.00, 8.00, 8.00, 8.00, 8.00, 8.00, 8.00, 8.00, 8.00, 8.00, 8.00, 8.00, 8.00, 8.00, 8.00, 8.00, 8.00, 8.00, 8.00, 8.00, 8.00, 8.00, 8.00, 8.00
"TERMOYOPAL 2",22.00, 22.00, 22.00, 22.00, 22.00, 22.00, 22.00, 22.00, 22.00, 22.00, 22.00, 22.00, 22.00, 22.00, 22.00, 22.00, 22.00, 22.00, 22.00, 22.00, 22.00, 22.00, 22.00, 22.00
"TERMOYOPAL G3",0.00, 0.00, 0.00, 0.00, 0.00, 0.00, 0.00, 0.00, 0.00, 0.00, 0.00, 0.00, 0.00, 0.00, 0.00, 0.00, 0.00, 0.00, 0.00, 0.00, 0.00, 0.00, 0.00, 0.00
"TERMOYOPAL G4",0.00, 0.00, 0.00, 0.00, 0.00, 0.00, 0.00, 0.00, 0.00, 0.00, 0.00, 0.00, 0.00, 0.00, 0.00, 0.00, 0.00, 0.00, 0.00, 0.00, 0.00, 0.00, 0.00, 0.00
"TERMOYOPAL G5",0.00, 0.00, 0.00, 0.00, 0.00, 0.00, 0.00, 0.00, 0.00, 0.00, 0.00, 0.00, 0.00, 0.00, 0.00, 0.00, 0.00, 0.00, 0.00, 0.00, 0.00, 0.00, 0.00, 0.00
"TESORITO",0.00, 0.00, 0.00, 0.00, 0.00, 0.00, 0.00, 0.00, 0.00, 0.00, 0.00, 0.00, 0.00, 0.00, 0.00, 0.00, 0.00, 0.00, 0.00, 116.60, 0.00, 0.00, 0.00, 0.00
"TIERRA LINDA",0.00, 0.00, 0.00, 0.00, 0.00, 0.00, 1.00, 2.00, 3.00, 4.00, 9.00, 9.00, 9.00, 9.00, 6.00, 6.00, 6.00, 2.00, 1.00, 0.00, 0.00, 0.00, 0.00, 0.00
"TRINA-VATIA BSLI",0.00, 0.00, 0.00, 0.00, 0.00, 0.00, 0.00, 6.76, 10.94, 12.55, 12.50, 14.37, 12.87, 9.94, 7.64, 6.65, 4.25, 0.00, 0.00, 0.00, 0.00, 0.00, 0.00, 0.00
"TRINA-VATIA BSLII",0.00, 0.00, 0.00, 0.00, 0.00, 0.00, 0.00, 6.76, 10.94, 12.55, 12.50, 14.37, 12.87, 9.94, 7.64, 6.65, 4.25, 0.00, 0.00, 0.00, 0.00, 0.00, 0.00, 0.00
"TRINA-VATIA BSLIII",0.00, 0.00, 0.00, 0.00, 0.00, 0.00, 0.00, 6.76, 10.94, 12.55, 12.50, 14.37, 12.87, 9.94, 7.64, 6.65, 4.25, 0.00, 0.00, 0.00, 0.00, 0.00, 0.00, 0.00
"TUNJITA",19.60, 19.60, 19.60, 19.60, 19.60, 19.60, 19.60, 19.60, 19.60, 19.60, 19.60, 19.60, 19.60, 19.60, 19.60, 19.60, 19.60, 19.60, 19.60, 19.60, 19.60, 19.60, 19.60, 19.60
"TZ II",0.00, 0.00, 0.00, 0.00, 0.00, 0.00, 0.00, 0.00, 0.00, 0.00, 0.00, 0.00, 0.00, 0.00, 0.00, 0.00, 0.00, 0.00, 0.00, 0.00, 0.00, 0.00, 0.00, 0.00
"UNION",0.60, 0.60, 0.60, 0.60, 0.60, 0.60, 0.60, 0.60, 0.60, 0.60, 0.60, 0.60, 0.60, 0.60, 0.60, 0.60, 0.60, 0.60, 0.60, 0.60, 0.60, 0.60, 0.60, 0.00
"URRA",0.00, 0.00, 0.00, 0.00, 0.00, 0.00, 0.00, 0.00, 0.00, 0.00, 0.00, 0.00, 0.00, 0.00, 0.00, 104.00, 104.00, 104.00, 104.00, 104.00, 104.00, 104.00, 104.00, 0.00
"URRAO",0.40, 0.40, 0.40, 0.40, 0.40, 0.40, 0.40, 0.40, 0.40, 0.40, 0.40, 0.40, 0.40, 0.40, 0.40, 0.40, 0.40, 0.40, 0.40, 0.40, 0.40, 0.40, 0.40, 0.40
"URUACO",0.00, 0.00, 0.00, 0.00, 0.00, 0.01, 0.30, 0.60, 0.60, 0.70, 0.70, 0.80, 0.70, 0.70, 0.70, 0.30, 0.01, 0.05, 0.00, 0.00, 0.00, 0.00, 0.00, 0.00
"USAQUEN",0.40, 0.40, 0.40, 0.40, 0.40, 0.40, 0.40, 0.40, 0.40, 0.40, 0.40, 0.40, 0.40, 0.40, 0.40, 0.40, 0.40, 0.40, 0.40, 0.40, 0.40, 0.40, 0.40, 0.40
"VALLEDUPAR I",0.00, 0.00, 0.00, 0.00, 3.00, 11.00, 13.00, 15.00, 15.00, 15.00, 14.00, 13.00, 2.00, 0.00, 0.00, 0.00, 0.00, 0.00, 0.00, 0.00, 0.00, 0.00, 0.00, 0.00
"VALLEDUPAR II",0.00, 0.00, 0.00, 0.00, 3.00, 11.00, 15.00, 19.00, 19.00, 19.00, 18.00, 15.00, 2.00, 1.00, 0.00, 0.00, 0.00, 0.00, 0.00, 0.00, 0.00, 0.00, 0.00, 0.00
"VALLEDUPAR III",0.00, 0.00, 0.00, 0.00, 0.00, 0.00, 0.00, 1.00, 2.00, 3.00, 9.00, 9.00, 9.00, 9.00, 9.00, 3.00, 2.00, 1.00, 0.00, 0.00, 0.00, 0.00, 0.00, 0.00
"VENTANA A",2.37, 2.37, 2.37, 2.37, 2.37, 2.37, 2.37, 2.37, 2.37, 2.37, 2.37, 2.37, 2.37, 2.37, 2.37, 2.37, 2.37, 2.37, 2.37, 2.37, 2.37, 2.37, 2.37, 2.37
"VENTANA B",0.00, 0.00, 0.00, 0.00, 0.00, 0.00, 0.00, 0.00, 0.00, 0.00, 0.00, 0.00, 0.00, 0.00, 0.00, 0.00, 0.00, 0.00, 0.00, 0.00, 0.00, 0.00, 0.00, 0.00
"VILLANUEVA",0.00, 0.00, 0.00, 0.00, 0.00, 0.00, 0.00, 0.00, 0.00, 0.00, 0.00, 0.00, 0.00, 0.00, 0.00, 0.00, 25.00, 25.00, 25.00, 25.00, 25.00, 25.00, 0.00, 0.00
"ZAMBRANO II",0.00, 0.00, 0.00, 0.00, 0.00, 0.39, 3.26, 8.60, 11.66, 13.18, 13.87, 14.00, 13.38, 12.91, 9.88, 2.39, 0.40, 0.00, 0.00, 0.00, 0.00, 0.00, 0.00, 0.00
"ZEUS",4.50, 4.50, 4.50, 4.50, 4.50, 4.50, 4.50, 4.50, 4.50, 4.50, 4.50, 4.50, 4.50, 4.50, 4.50, 4.50, 4.50, 4.50, 4.50, 4.50, 4.50, 4.50, 4.50, 4.50
"ZIPAEMG 2",0.00, 0.00, 0.00, 0.00, 0.00, 0.00, 0.00, 0.00, 0.00, 0.00, 0.00, 0.00, 0.00, 0.00, 0.00, 0.00, 0.00, 0.00, 0.00, 0.00, 0.00, 0.00, 0.00, 0.00
"ZIPAEMG 3",0.00, 0.00, 0.00, 0.00, 0.00, 0.00, 0.00, 0.00, 0.00, 0.00, 0.00, 0.00, 0.00, 0.00, 0.00, 0.00, 0.00, 0.00, 63.00, 63.00, 63.00, 0.00, 0.00, 0.00
"ZIPAEMG 4",0.00, 0.00, 0.00, 0.00, 0.00, 0.00, 0.00, 0.00, 0.00, 0.00, 0.00, 0.00, 0.00, 0.00, 0.00, 0.00, 0.00, 0.00, 64.00, 64.00, 64.00, 0.00, 0.00, 0.00
"ZIPAEMG 5",0.00, 0.00, 0.00, 0.00, 0.00, 0.00, 0.00, 0.00, 0.00, 0.00, 0.00, 0.00, 0.00, 0.00, 0.00, 0.00, 0.00, 49.89, 63.00, 63.00, 63.00, 0.00, 0.00, 0.00
